m,-32.88,-27.56,-32.62,0.008
a,0.10,-0.09,9.79,0.028
g,0.01,-0.02,0.00,0.037
rv,0.37,-0.01,0.00,-0.93,0.040
g,0.01,-0.02,0.00,0.042
rv,0.37,-0.01,0.00,-0.93,0.045
a,0.10,-0.13,9.83,0.048
m,-17.62,-20.62,-25.38,0.051
m,-16.06,-20.00,-24.81,0.054
g,0.02,-0.03,0.00,0.057
rv,0.37,-0.01,0.00,-0.93,0.059
a,0.07,-0.13,9.95,0.063
g,0.04,-0.07,0.00,0.067
rv,0.37,-0.01,0.00,-0.93,0.070
a,0.10,-0.09,9.87,0.074
m,-16.44,-20.06,-24.50,0.077
g,0.04,-0.07,0.01,0.080
rv,0.37,-0.01,0.00,-0.93,0.083
g,0.01,-0.03,-0.00,0.087
rv,0.37,-0.01,0.00,-0.93,0.094
g,0.03,-0.06,-0.01,0.097
rv,0.37,-0.01,0.00,-0.93,0.100
a,0.22,-0.05,9.56,0.105
m,-16.94,-20.50,-25.31,0.107
g,0.08,-0.07,-0.00,0.109
rv,0.37,-0.01,0.00,-0.93,0.112
g,0.03,-0.04,-0.01,0.117
rv,0.37,-0.01,0.00,-0.93,0.119
a,0.22,-0.05,9.49,0.123
m,-16.25,-20.75,-25.25,0.126
g,0.03,-0.03,-0.02,0.129
rv,0.37,-0.01,0.00,-0.93,0.131
g,0.04,-0.04,-0.03,0.136
rv,0.37,-0.01,0.00,-0.93,0.138
a,0.14,-0.05,9.71,0.142
m,-15.31,-19.94,-24.75,0.145
g,0.04,-0.05,-0.04,0.148
rv,0.37,-0.01,0.00,-0.93,0.155
g,0.08,-0.09,-0.05,0.159
rv,0.37,-0.01,-0.00,-0.93,0.162
g,0.09,-0.09,-0.07,0.166
rv,0.37,-0.01,-0.00,-0.93,0.169
a,0.14,-0.09,9.87,0.171
m,-14.81,-19.12,-24.69,0.175
g,0.11,-0.10,-0.08,0.178
rv,0.37,-0.01,-0.00,-0.93,0.181
a,0.18,-0.13,9.87,0.186
g,0.13,-0.11,-0.08,0.189
m,-16.88,-20.12,-24.94,0.192
rv,0.37,-0.01,-0.00,-0.93,0.194
g,0.17,-0.14,-0.09,0.198
rv,0.37,-0.01,-0.00,-0.93,0.200
g,0.20,-0.14,-0.10,0.206
rv,0.37,-0.01,-0.00,-0.93,0.208
a,0.26,-0.13,9.83,0.215
m,-17.19,-19.88,-25.31,0.219
g,0.19,-0.14,-0.12,0.222
rv,0.37,-0.01,-0.01,-0.93,0.226
g,0.20,-0.14,-0.13,0.229
rv,0.37,-0.01,-0.01,-0.93,0.232
a,0.26,0.10,9.71,0.236
m,-16.19,-20.44,-25.25,0.239
g,0.19,-0.14,-0.13,0.241
rv,0.37,-0.01,-0.01,-0.93,0.244
g,0.15,-0.14,-0.13,0.248
rv,0.37,-0.01,-0.01,-0.93,0.250
a,0.26,0.14,9.60,0.256
g,0.10,-0.13,-0.15,0.258
m,-15.69,-20.62,-23.62,0.261
rv,0.37,-0.01,-0.01,-0.93,0.263
g,0.06,-0.12,-0.17,0.267
rv,0.37,-0.01,-0.01,-0.93,0.270
a,0.29,-0.02,9.71,0.276
m,-16.31,-21.44,-24.94,0.279
g,0.07,-0.12,-0.21,0.281
rv,0.36,-0.01,-0.01,-0.93,0.285
g,0.09,-0.12,-0.24,0.288
rv,0.36,-0.01,-0.01,-0.93,0.291
a,0.33,-0.02,9.79,0.297
g,0.10,-0.12,-0.28,0.299
m,-15.81,-21.00,-24.50,0.302
rv,0.36,-0.01,-0.01,-0.93,0.305
g,0.03,-0.07,-0.29,0.309
rv,0.36,-0.01,-0.01,-0.93,0.312
g,0.41,0.38,-0.09,0.316
rv,0.36,-0.01,-0.01,-0.93,0.319
a,1.06,0.10,5.80,0.322
m,-15.50,-21.31,-24.44,0.326
g,0.00,-0.04,-0.08,0.328
rv,0.36,-0.01,-0.01,-0.93,0.331
g,-0.20,-0.02,-0.13,0.338
rv,0.36,-0.01,-0.01,-0.93,0.340
a,-0.01,0.79,10.29,0.345
m,-16.25,-20.75,-25.25,0.347
g,-0.19,0.10,-0.04,0.350
rv,0.36,-0.01,-0.01,-0.93,0.352
g,-0.08,0.02,0.01,0.357
rv,0.36,-0.01,-0.01,-0.93,0.360
a,0.10,0.18,10.52,0.363
m,-14.56,-20.50,-23.94,0.367
g,0.08,0.00,0.01,0.369
rv,0.36,-0.01,-0.01,-0.93,0.372
g,0.09,-0.04,-0.01,0.376
rv,0.36,-0.01,-0.01,-0.93,0.379
a,0.37,0.14,9.45,0.382
m,-15.75,-20.69,-24.44,0.386
g,-0.12,0.02,-0.03,0.389
rv,0.36,-0.01,-0.01,-0.93,0.392
g,-0.25,0.12,-0.01,0.398
rv,0.36,-0.01,-0.01,-0.93,0.401
g,-0.25,0.14,-0.00,0.406
rv,0.36,-0.01,-0.01,-0.93,0.408
a,0.22,-0.02,9.91,0.412
m,-15.38,-20.25,-24.75,0.415
g,-0.15,0.12,-0.00,0.418
rv,0.36,-0.01,-0.01,-0.93,0.420
g,0.01,0.04,-0.00,0.425
rv,0.36,-0.01,-0.01,-0.93,0.427
a,0.10,-0.21,10.86,0.430
m,-16.31,-21.81,-24.19,0.433
g,0.17,-0.04,-0.00,0.437
rv,0.36,-0.01,-0.01,-0.93,0.440
a,0.29,0.33,9.11,0.445
g,0.15,-0.03,-0.01,0.447
m,-16.38,-21.81,-24.94,0.450
rv,0.36,-0.01,-0.01,-0.93,0.453
g,0.00,0.02,0.00,0.459
rv,0.36,-0.01,-0.01,-0.93,0.462
g,-0.05,0.03,0.01,0.466
rv,0.36,-0.01,-0.01,-0.93,0.469
a,0.22,0.21,9.67,0.473
m,-15.56,-21.38,-24.81,0.476
g,-0.03,0.02,0.01,0.479
rv,0.36,-0.01,-0.01,-0.93,0.481
g,0.00,-0.01,-0.00,0.486
rv,0.36,-0.01,-0.01,-0.93,0.488
a,0.22,0.02,9.95,0.492
m,-15.94,-21.44,-24.88,0.495
g,0.02,-0.02,-0.00,0.499
rv,0.36,-0.01,-0.01,-0.93,0.501
g,-0.01,-0.01,-0.00,0.506
rv,0.36,-0.01,-0.01,-0.93,0.508
a,0.29,0.14,9.60,0.512
m,-16.00,-20.31,-23.62,0.516
g,-0.02,0.01,0.00,0.522
rv,0.36,-0.01,-0.01,-0.93,0.526
g,0.01,0.00,0.00,0.529
rv,0.36,-0.01,-0.01,-0.93,0.532
g,0.07,-0.02,0.00,0.536
rv,0.36,-0.01,-0.01,-0.93,0.539
a,0.22,-0.05,9.95,0.542
m,-15.56,-21.38,-24.81,0.546
g,0.10,-0.02,0.00,0.548
rv,0.36,-0.01,-0.01,-0.93,0.551
g,0.10,-0.01,0.00,0.555
rv,0.36,-0.01,-0.01,-0.93,0.558
a,0.29,0.18,9.61,0.560
m,-15.88,-21.75,-24.12,0.563
g,0.06,-0.00,0.00,0.566
rv,0.36,-0.01,-0.01,-0.93,0.569
a,0.26,0.21,9.56,0.572
m,-16.44,-20.75,-23.69,0.576
g,0.02,0.01,0.00,0.583
rv,0.36,-0.01,-0.01,-0.93,0.586
g,-0.00,0.02,0.01,0.589
rv,0.36,-0.01,-0.01,-0.93,0.592
g,-0.01,0.02,0.01,0.596
rv,0.36,-0.01,-0.01,-0.93,0.599
a,0.26,0.18,9.75,0.602
m,-16.38,-21.81,-24.94,0.606
g,-0.02,0.02,0.01,0.609
rv,0.36,-0.01,-0.01,-0.93,0.612
g,-0.05,0.02,0.01,0.616
rv,0.36,-0.01,-0.01,-0.93,0.619
a,0.22,0.18,9.68,0.622
m,-15.94,-21.12,-25.69,0.626
g,-0.09,0.02,0.01,0.628
rv,0.36,-0.01,-0.01,-0.93,0.631
g,-0.09,0.02,0.01,0.635
rv,0.36,-0.01,-0.01,-0.93,0.638
a,0.22,0.06,9.87,0.645
m,-16.25,-20.75,-25.25,0.648
g,-0.03,0.01,0.01,0.651
rv,0.36,-0.01,-0.01,-0.93,0.653
g,0.06,-0.02,-0.00,0.658
rv,0.36,-0.01,-0.01,-0.93,0.660
a,0.26,-0.02,9.87,0.666
g,0.09,-0.02,-0.00,0.668
m,-15.81,-20.38,-25.25,0.671
rv,0.36,-0.01,-0.01,-0.93,0.674
g,0.06,-0.01,-0.00,0.677
rv,0.36,-0.01,-0.01,-0.93,0.680
a,0.26,0.21,9.53,0.683
m,-16.19,-20.75,-24.50,0.686
g,-0.01,0.01,0.00,0.689
rv,0.36,-0.01,-0.01,-0.93,0.692
g,-0.08,0.02,0.00,0.696
rv,0.36,-0.01,-0.01,-0.93,0.699
a,0.26,0.25,9.53,0.705
m,-16.19,-21.06,-24.12,0.709
g,-0.12,0.03,0.00,0.712
rv,0.36,-0.01,-0.01,-0.93,0.716
g,-0.11,0.03,0.00,0.720
rv,0.36,-0.01,-0.01,-0.93,0.722
a,0.22,0.02,9.91,0.728
g,-0.08,0.02,0.00,0.730
m,-15.75,-20.69,-24.44,0.733
rv,0.36,-0.01,-0.01,-0.93,0.736
g,-0.04,0.01,-0.00,0.739
rv,0.36,-0.01,-0.01,-0.93,0.741
g,-0.03,0.01,0.00,0.746
rv,0.36,-0.01,-0.01,-0.93,0.748
a,0.26,0.06,9.75,0.752
m,-16.25,-20.44,-25.69,0.755
g,-0.04,0.01,0.00,0.758
rv,0.36,-0.01,-0.01,-0.93,0.760
g,-0.03,0.01,-0.00,0.767
rv,0.36,-0.01,-0.01,-0.93,0.770
a,0.26,0.06,9.75,0.772
m,-16.19,-20.75,-24.50,0.776
g,-0.02,0.01,-0.00,0.778
rv,0.36,-0.01,-0.01,-0.93,0.781
g,0.01,-0.00,-0.00,0.786
rv,0.36,-0.01,-0.01,-0.93,0.789
a,0.26,-0.02,9.91,0.791
m,-16.69,-20.88,-25.75,0.795
g,0.04,-0.01,0.00,0.798
rv,0.36,-0.01,-0.01,-0.93,0.801
a,0.26,0.06,9.71,0.805
m,-16.00,-21.44,-25.31,0.808
g,0.03,-0.00,0.00,0.810
rv,0.36,-0.01,-0.01,-0.93,0.813
g,0.02,0.00,-0.00,0.817
rv,0.36,-0.01,-0.01,-0.93,0.820
a,0.22,0.10,9.75,0.826
m,-16.31,-21.12,-25.31,0.830
g,0.01,0.00,0.00,0.832
rv,0.36,-0.01,-0.01,-0.93,0.836
g,-0.01,0.00,0.00,0.839
rv,0.36,-0.01,-0.01,-0.93,0.842
g,-0.03,0.01,0.00,0.846
rv,0.36,-0.01,-0.01,-0.93,0.849
a,0.22,0.14,9.71,0.852
m,-15.38,-20.62,-24.44,0.855
g,-0.05,0.02,0.00,0.859
rv,0.36,-0.01,-0.01,-0.93,0.861
a,0.22,0.10,9.71,0.867
g,-0.06,0.02,0.00,0.869
m,-15.25,-19.56,-24.38,0.872
rv,0.36,-0.01,-0.01,-0.93,0.875
g,-0.05,0.02,0.00,0.879
rv,0.36,-0.01,-0.01,-0.93,0.882
g,-0.03,0.02,0.00,0.888
rv,0.36,-0.01,-0.01,-0.93,0.891
g,-0.02,0.01,0.00,0.895
rv,0.36,-0.01,-0.01,-0.93,0.898
a,0.22,0.02,9.79,0.900
m,-16.75,-21.56,-25.38,0.903
g,-0.01,0.01,0.00,0.907
rv,0.36,-0.01,-0.01,-0.93,0.910
a,0.22,0.06,9.79,0.914
m,-15.44,-20.62,-24.81,0.917
g,-0.01,0.01,-0.00,0.919
rv,0.36,-0.01,-0.01,-0.93,0.922
g,0.01,0.01,0.00,0.926
rv,0.36,-0.01,-0.01,-0.93,0.929
a,0.22,0.02,9.87,0.932
m,-15.00,-19.94,-25.56,0.936
g,0.02,-0.01,0.00,0.938
rv,0.36,-0.01,-0.01,-0.93,0.941
g,0.03,-0.01,-0.00,0.947
rv,0.36,-0.01,-0.01,-0.93,0.950
a,0.22,0.06,9.75,0.953
m,-16.06,-20.38,-24.06,0.956
g,0.01,-0.01,-0.00,0.958
rv,0.36,-0.01,-0.01,-0.93,0.961
g,-0.02,0.01,-0.00,0.966
rv,0.36,-0.01,-0.01,-0.93,0.968
a,0.26,0.10,9.67,0.972
m,-15.38,-20.62,-24.44,0.975
g,-0.03,0.01,0.00,0.978
rv,0.36,-0.01,-0.01,-0.93,0.980
g,-0.04,0.02,0.00,0.986
rv,0.36,-0.01,-0.01,-0.93,0.989
a,0.26,0.06,9.75,0.991
m,-15.94,-21.06,-25.31,0.993
g,-0.03,0.01,0.01,0.997
rv,0.36,-0.01,-0.01,-0.93,1.000
a,0.22,0.06,9.79,1.017
m,-16.69,-21.19,-25.38,1.020
g,-0.03,0.01,-0.00,1.026
rv,0.36,-0.01,-0.01,-0.93,1.029
g,-0.02,0.01,0.00,1.032
rv,0.36,-0.01,-0.01,-0.93,1.036
g,0.00,0.01,0.00,1.038
rv,0.36,-0.01,-0.01,-0.93,1.041
a,0.22,0.02,9.87,1.045
m,-16.38,-21.81,-24.94,1.048
g,0.03,-0.01,0.00,1.050
rv,0.36,-0.01,-0.01,-0.93,1.053
a,0.18,0.06,9.75,1.057
m,-16.25,-21.75,-23.75,1.060
g,0.04,-0.02,-0.00,1.062
rv,0.36,-0.01,-0.01,-0.93,1.065
g,0.02,-0.01,-0.01,1.068
rv,0.36,-0.01,-0.01,-0.93,1.071
g,-0.01,0.00,0.00,1.077
rv,0.36,-0.01,-0.01,-0.93,1.080
a,0.26,0.10,9.75,1.082
m,-16.50,-20.75,-24.12,1.086
g,-0.02,0.01,0.00,1.089
rv,0.36,-0.01,-0.01,-0.93,1.092
a,0.22,0.06,9.75,1.097
g,-0.01,0.01,0.00,1.100
m,-15.38,-19.94,-25.19,1.102
rv,0.36,-0.01,-0.01,-0.93,1.106
g,-0.01,0.01,0.00,1.108
rv,0.36,-0.01,-0.01,-0.93,1.111
g,-0.03,0.01,0.00,1.116
rv,0.36,-0.01,-0.01,-0.93,1.119
a,0.26,0.10,9.64,1.121
m,-16.12,-20.38,-24.44,1.125
g,-0.05,0.02,-0.00,1.127
rv,0.36,-0.01,-0.01,-0.93,1.130
a,0.22,0.02,9.75,1.137
g,-0.05,0.02,0.00,1.139
m,-15.62,-21.06,-26.00,1.142
rv,0.36,-0.01,-0.01,-0.93,1.145
g,-0.03,0.02,0.00,1.149
rv,0.36,-0.01,-0.00,-0.93,1.151
g,-0.01,0.01,-0.00,1.156
rv,0.36,-0.01,-0.00,-0.93,1.159
a,0.18,-0.02,9.87,1.162
m,-16.19,-20.06,-25.69,1.166
g,0.01,-0.00,-0.00,1.168
rv,0.36,-0.01,-0.00,-0.93,1.171
a,0.22,0.02,9.83,1.176
g,0.02,-0.01,0.00,1.178
m,-16.31,-21.12,-25.75,1.181
rv,0.36,-0.01,-0.00,-0.93,1.184
g,0.03,-0.01,0.00,1.188
rv,0.36,-0.01,-0.00,-0.93,1.191
a,0.22,0.02,9.75,1.197
g,0.02,-0.01,0.00,1.200
m,-14.69,-20.56,-25.19,1.202
rv,0.36,-0.01,-0.01,-0.93,1.206
g,0.02,-0.00,0.00,1.209
rv,0.36,-0.01,-0.01,-0.93,1.212
g,0.00,0.00,0.00,1.216
rv,0.36,-0.01,-0.01,-0.93,1.219
a,0.22,0.06,9.71,1.222
m,-14.56,-19.81,-24.69,1.226
g,-0.01,0.01,-0.00,1.228
rv,0.36,-0.01,-0.01,-0.93,1.231
g,-0.03,0.01,-0.00,1.236
rv,0.36,-0.01,-0.01,-0.93,1.239
a,0.22,0.02,9.75,1.241
m,-15.75,-20.62,-24.06,1.245
g,-0.02,0.01,0.00,1.247
rv,0.36,-0.01,-0.00,-0.93,1.250
a,0.22,0.02,9.79,1.257
m,-16.19,-20.75,-24.88,1.259
g,-0.01,0.01,0.00,1.262
rv,0.36,-0.01,-0.00,-0.93,1.265
g,-0.01,0.00,0.00,1.268
rv,0.36,-0.01,-0.00,-0.93,1.270
a,0.18,0.02,9.79,1.276
g,0.00,-0.00,-0.00,1.278
m,-16.00,-21.44,-25.31,1.281
rv,0.36,-0.01,-0.00,-0.93,1.283
g,0.02,-0.00,0.00,1.287
rv,0.36,-0.01,-0.00,-0.93,1.289
a,0.22,0.02,9.83,1.293
m,-16.12,-20.69,-24.12,1.297
g,0.03,-0.01,0.00,1.299
rv,0.36,-0.01,-0.00,-0.93,1.301
g,0.04,-0.01,0.00,1.306
rv,0.36,-0.01,-0.01,-0.93,1.309
a,0.22,0.06,9.71,1.315
m,-16.19,-20.12,-26.06,1.319
g,0.03,-0.01,-0.00,1.321
rv,0.36,-0.01,-0.01,-0.93,1.324
g,0.02,-0.01,0.00,1.328
rv,0.36,-0.01,-0.01,-0.93,1.331
a,0.22,0.06,9.71,1.336
g,-0.00,0.00,0.00,1.339
m,-15.62,-19.62,-24.38,1.341
rv,0.36,-0.01,-0.01,-0.93,1.344
g,-0.03,0.01,-0.00,1.347
rv,0.36,-0.01,-0.01,-0.93,1.350
a,0.18,0.06,9.71,1.355
m,-16.00,-21.75,-24.88,1.358
g,-0.03,0.01,0.00,1.360
rv,0.36,-0.01,-0.01,-0.93,1.363
g,-0.02,0.01,0.00,1.367
rv,0.36,-0.01,-0.01,-0.93,1.370
a,0.22,0.02,9.83,1.377
m,-14.62,-20.81,-24.00,1.380
g,-0.01,0.00,0.00,1.383
rv,0.36,-0.01,-0.01,-0.93,1.387
g,0.00,0.00,0.00,1.390
rv,0.36,-0.01,-0.01,-0.93,1.393
a,0.22,0.06,9.79,1.397
m,-15.62,-19.62,-24.75,1.400
g,0.01,0.00,0.00,1.402
rv,0.36,-0.01,-0.01,-0.93,1.406
g,0.00,0.01,-0.00,1.409
rv,0.36,-0.01,-0.01,-0.93,1.412
g,0.00,-0.00,0.00,1.416
rv,0.36,-0.01,-0.01,-0.93,1.419
a,0.18,0.02,9.79,1.421
m,-16.69,-20.88,-26.12,1.425
g,0.00,-0.00,0.00,1.427
rv,0.36,-0.01,-0.01,-0.93,1.430
a,0.22,0.02,9.79,1.437
g,0.00,-0.00,0.00,1.439
m,-15.81,-20.69,-24.81,1.442
rv,0.36,-0.01,-0.01,-0.93,1.445
g,0.01,-0.01,0.00,1.449
rv,0.36,-0.01,-0.01,-0.93,1.451
g,0.01,-0.01,0.00,1.456
rv,0.36,-0.01,-0.01,-0.93,1.458
a,0.22,0.02,9.79,1.462
m,-15.94,-21.06,-25.31,1.465
g,0.01,-0.00,0.00,1.468
rv,0.36,-0.01,-0.01,-0.93,1.470
a,0.26,0.06,9.75,1.476
g,0.01,0.00,-0.00,1.478
m,-15.81,-20.38,-25.25,1.481
rv,0.36,-0.01,-0.01,-0.93,1.483
g,-0.01,0.00,0.00,1.488
rv,0.36,-0.01,-0.01,-0.93,1.490
a,0.22,0.06,9.67,1.497
g,-0.03,0.01,0.00,1.499
m,-16.25,-21.12,-24.88,1.502
rv,0.36,-0.01,-0.01,-0.93,1.506
g,-0.03,0.01,0.00,1.508
rv,0.36,-0.01,-0.01,-0.93,1.511
g,-0.02,0.00,0.00,1.516
rv,0.36,-0.01,-0.01,-0.93,1.519
a,0.18,0.02,9.87,1.521
m,-16.31,-21.12,-25.31,1.524
g,0.01,-0.00,0.00,1.527
rv,0.36,-0.01,-0.01,-0.93,1.530
a,0.22,0.02,9.83,1.534
m,-15.88,-21.06,-24.88,1.537
g,0.02,-0.00,-0.00,1.539
rv,0.36,-0.01,-0.01,-0.93,1.542
g,0.02,-0.01,-0.00,1.546
rv,0.36,-0.01,-0.01,-0.93,1.549
a,0.22,0.06,9.75,1.556
m,-16.25,-20.44,-25.69,1.559
g,0.01,-0.01,-0.00,1.561
rv,0.36,-0.01,-0.01,-0.93,1.565
g,-0.00,-0.00,0.00,1.568
rv,0.36,-0.01,-0.01,-0.93,1.571
a,0.22,0.06,9.71,1.576
m,-15.38,-20.62,-24.44,1.578
g,-0.02,0.00,0.00,1.581
rv,0.36,-0.01,-0.01,-0.93,1.583
g,-0.02,0.01,0.00,1.588
rv,0.36,-0.01,-0.01,-0.93,1.590
a,0.18,0.02,9.75,1.594
m,-16.19,-20.75,-24.88,1.597
g,-0.01,0.00,0.00,1.600
rv,0.36,-0.01,-0.01,-0.93,1.602
g,-0.00,0.00,-0.00,1.606
rv,0.36,-0.01,-0.01,-0.93,1.609
a,0.22,0.02,9.79,1.616
m,-16.12,-20.38,-24.88,1.619
g,0.00,-0.00,0.00,1.622
rv,0.36,-0.01,-0.01,-0.93,1.625
g,0.01,-0.00,0.00,1.629
rv,0.36,-0.01,-0.01,-0.93,1.631
a,0.22,0.02,9.79,1.634
m,-16.62,-20.81,-25.38,1.638
g,0.01,-0.01,0.00,1.640
rv,0.36,-0.01,-0.01,-0.93,1.643
g,0.01,-0.01,0.00,1.647
rv,0.36,-0.01,-0.01,-0.93,1.650
a,0.22,0.06,9.75,1.653
m,-16.62,-21.50,-24.19,1.657
g,0.01,-0.01,-0.00,1.660
rv,0.36,-0.01,-0.01,-0.93,1.663
g,0.01,-0.00,-0.00,1.667
rv,0.36,-0.01,-0.01,-0.93,1.670
a,0.22,0.06,9.75,1.677
m,-15.50,-20.69,-25.25,1.680
g,0.00,-0.00,-0.00,1.683
rv,0.36,-0.01,-0.01,-0.93,1.687
g,-0.01,0.00,0.00,1.690
rv,0.36,-0.01,-0.01,-0.93,1.693
a,0.22,0.02,9.75,1.697
m,-15.75,-20.31,-24.44,1.700
g,-0.01,0.01,-0.00,1.702
rv,0.36,-0.01,-0.01,-0.93,1.706
g,-0.01,0.00,0.00,1.709
rv,0.36,-0.01,-0.01,-0.93,1.712
g,-0.01,0.01,0.00,1.716
rv,0.36,-0.01,-0.01,-0.93,1.719
a,0.22,0.06,9.75,1.722
m,-16.31,-21.44,-24.94,1.725
g,-0.02,0.01,0.00,1.727
rv,0.36,-0.01,-0.01,-0.93,1.730
a,0.18,0.02,9.79,1.737
m,-15.75,-20.00,-25.25,1.739
g,-0.01,0.01,0.00,1.741
rv,0.36,-0.01,-0.01,-0.93,1.745
g,-0.00,0.00,0.00,1.748
rv,0.36,-0.01,-0.01,-0.93,1.751
g,0.00,-0.00,-0.00,1.756
rv,0.36,-0.01,-0.01,-0.93,1.759
a,0.22,0.02,9.79,1.762
m,-15.62,-20.25,-23.69,1.765
g,0.01,0.00,0.00,1.767
rv,0.36,-0.01,-0.01,-0.93,1.770
a,0.18,0.02,9.75,1.774
m,-17.06,-20.88,-25.75,1.777
g,-0.00,0.00,0.00,1.779
rv,0.36,-0.01,-0.01,-0.93,1.782
g,-0.00,0.01,0.00,1.786
rv,0.36,-0.01,-0.01,-0.93,1.789
a,0.22,0.02,9.75,1.796
m,-15.75,-20.31,-24.44,1.799
g,-0.01,0.00,-0.00,1.802
rv,0.36,-0.01,-0.01,-0.93,1.805
g,-0.01,0.00,-0.00,1.808
rv,0.36,-0.01,-0.01,-0.93,1.811
a,0.22,0.02,9.75,1.816
m,-15.81,-20.69,-24.81,1.818
g,-0.01,0.00,0.00,1.821
rv,0.36,-0.01,-0.01,-0.93,1.823
g,-0.01,0.01,0.00,1.827
rv,0.36,-0.01,-0.01,-0.93,1.830
a,0.22,0.02,9.75,1.834
m,-16.50,-20.44,-24.50,1.837
g,-0.01,0.01,0.00,1.839
rv,0.36,-0.01,-0.01,-0.93,1.842
g,-0.01,0.01,0.00,1.846
rv,0.36,-0.01,-0.00,-0.93,1.849
a,0.18,0.02,9.71,1.856
m,-15.38,-20.94,-23.69,1.859
g,-0.01,0.00,0.00,1.861
rv,0.36,-0.01,-0.00,-0.93,1.864
g,-0.01,0.00,0.00,1.866
rv,0.36,-0.01,-0.00,-0.93,1.869
a,0.22,0.02,9.79,1.873
m,-14.56,-20.12,-24.31,1.876
g,0.00,0.00,0.00,1.879
rv,0.36,-0.01,-0.00,-0.93,1.882
a,0.22,0.02,9.75,1.888
g,0.00,-0.00,0.00,1.890
m,-15.94,-21.12,-25.69,1.892
rv,0.36,-0.01,-0.00,-0.93,1.895
g,-0.00,0.00,-0.00,1.897
rv,0.36,-0.01,-0.00,-0.93,1.900
a,0.22,0.02,9.79,1.905
m,-16.31,-21.12,-25.31,1.907
g,-0.00,0.00,0.00,1.914
rv,0.36,-0.01,-0.00,-0.93,1.918
g,-0.00,0.00,0.00,1.921
rv,0.36,-0.01,-0.00,-0.93,1.924
g,-0.00,0.00,-0.00,1.927
rv,0.36,-0.01,-0.00,-0.93,1.930
a,0.22,0.02,9.75,1.933
m,-16.06,-20.00,-24.44,1.936
g,-0.00,0.00,0.00,1.939
rv,0.36,-0.01,-0.00,-0.93,1.941
g,-0.01,0.00,0.00,1.946
rv,0.36,-0.01,-0.00,-0.93,1.949
a,0.22,0.02,9.75,1.952
m,-15.88,-21.06,-24.88,1.954
g,-0.01,0.00,0.00,1.957
rv,0.36,-0.01,-0.00,-0.93,1.959
a,0.22,0.02,9.79,1.963
m,-15.44,-21.31,-24.06,1.966
g,0.00,0.00,0.00,1.983
rv,0.36,-0.01,-0.00,-0.93,1.987
g,0.00,0.00,0.00,1.991
rv,0.36,-0.01,-0.00,-0.93,1.994
g,-0.00,0.00,0.00,1.998
rv,0.36,-0.01,-0.00,-0.93,2.001
g,-0.00,0.00,0.00,2.003
rv,0.36,-0.01,-0.00,-0.93,2.007
g,-0.01,0.00,0.00,2.010
rv,0.36,-0.01,-0.00,-0.93,2.013
a,0.22,0.02,9.75,2.016
m,-15.56,-21.38,-24.81,2.019
g,-0.01,0.00,0.00,2.021
rv,0.36,-0.01,-0.00,-0.93,2.024
g,-0.01,0.00,0.00,2.028
rv,0.36,-0.01,-0.00,-0.93,2.031
a,0.22,-0.02,9.75,2.036
g,-0.00,0.00,-0.00,2.039
m,-15.94,-21.06,-25.31,2.046
rv,0.36,-0.01,-0.00,-0.93,2.049
g,0.00,0.00,-0.00,2.052
rv,0.36,-0.01,-0.00,-0.93,2.055
g,0.01,-0.00,0.00,2.059
rv,0.36,-0.01,-0.00,-0.93,2.061
a,0.18,0.06,9.71,2.066
m,-15.44,-20.31,-25.25,2.068
g,0.01,-0.01,-0.00,2.071
rv,0.36,-0.01,-0.00,-0.93,2.073
g,-0.00,-0.00,0.00,2.078
rv,0.36,-0.01,-0.00,-0.93,2.080
a,0.26,0.02,9.75,2.084
m,-15.75,-20.62,-24.06,2.087
g,-0.00,0.00,0.00,2.090
rv,0.36,-0.01,-0.00,-0.93,2.092
g,-0.01,0.00,-0.00,2.097
rv,0.36,-0.01,-0.00,-0.93,2.099
a,0.22,0.02,9.75,2.106
m,-15.00,-20.25,-24.81,2.110
g,-0.01,0.00,0.00,2.113
rv,0.36,-0.01,-0.00,-0.93,2.116
g,0.00,-0.00,0.00,2.120
rv,0.36,-0.01,-0.00,-0.93,2.122
g,0.01,-0.00,0.00,2.127
rv,0.36,-0.01,-0.00,-0.93,2.129
a,0.22,0.02,9.75,2.132
m,-16.31,-21.12,-25.31,2.135
g,0.00,0.00,-0.00,2.139
rv,0.36,-0.01,-0.00,-0.93,2.141
g,0.00,0.00,0.00,2.147
rv,0.36,-0.01,-0.00,-0.93,2.149
a,0.22,0.02,9.75,2.152
m,-15.62,-19.62,-24.75,2.154
g,-0.00,0.00,-0.00,2.157
rv,0.36,-0.01,-0.00,-0.93,2.159
a,0.22,0.02,9.75,2.166
m,-16.50,-20.06,-24.94,2.170
g,-0.00,-0.00,-0.00,2.172
rv,0.36,-0.01,-0.00,-0.93,2.176
g,-0.00,0.00,0.00,2.179
rv,0.36,-0.01,-0.00,-0.93,2.182
a,0.22,0.02,9.79,2.186
m,-15.56,-20.69,-26.00,2.189
g,-0.00,0.00,0.00,2.191
rv,0.36,-0.01,-0.00,-0.93,2.194
g,0.01,0.00,0.00,2.198
rv,0.36,-0.01,-0.00,-0.93,2.201
a,0.22,0.02,9.83,2.204
m,-15.88,-21.75,-24.12,2.208
g,0.01,-0.00,0.00,2.210
rv,0.36,-0.01,-0.00,-0.93,2.213
g,0.00,-0.00,0.00,2.217
rv,0.36,-0.01,-0.00,-0.93,2.220
a,0.22,0.02,9.75,2.226
m,-15.06,-20.56,-24.81,2.230
g,0.00,0.00,0.00,2.232
rv,0.36,-0.01,-0.00,-0.93,2.235
g,0.00,0.00,0.00,2.238
rv,0.36,-0.01,-0.00,-0.93,2.241
a,0.22,0.02,9.75,2.245
m,-16.25,-21.44,-24.50,2.248
g,-0.00,0.00,0.00,2.251
rv,0.36,-0.01,-0.00,-0.93,2.254
a,0.22,0.02,9.75,2.259
g,-0.01,0.01,-0.00,2.262
m,-16.69,-21.50,-24.94,2.264
rv,0.36,-0.01,-0.00,-0.93,2.267
g,-0.01,0.01,0.00,2.270
rv,0.36,-0.01,-0.00,-0.93,2.273
g,-0.01,0.00,0.00,2.277
rv,0.36,-0.01,-0.00,-0.93,2.280
a,0.22,0.02,9.75,2.287
m,-16.12,-20.38,-24.88,2.290
g,-0.01,0.00,-0.00,2.294
rv,0.36,-0.01,-0.00,-0.93,2.297
g,-0.00,0.00,0.00,2.301
rv,0.36,-0.01,-0.00,-0.93,2.303
a,0.22,-0.02,9.75,2.309
g,0.00,0.00,0.00,2.311
m,-14.56,-20.12,-24.31,2.314
rv,0.36,-0.01,-0.00,-0.93,2.317
g,0.00,-0.00,-0.00,2.320
rv,0.36,-0.01,-0.00,-0.93,2.322
g,0.00,-0.00,0.00,2.327
rv,0.36,-0.01,-0.00,-0.93,2.330
a,0.22,0.02,9.71,2.333
m,-15.50,-20.69,-25.62,2.337
g,0.00,0.00,0.00,2.340
rv,0.36,-0.01,-0.00,-0.93,2.342
g,0.00,0.00,-0.00,2.349
rv,0.36,-0.01,-0.00,-0.93,2.352
g,0.00,0.00,0.00,2.357
rv,0.36,-0.01,-0.00,-0.93,2.360
a,0.22,-0.02,9.79,2.362
m,-15.88,-20.75,-25.69,2.366
g,-0.01,0.00,-0.00,2.368
rv,0.36,-0.01,-0.00,-0.93,2.371
a,0.22,0.02,9.79,2.376
g,-0.00,0.01,-0.00,2.378
m,-16.31,-21.44,-24.94,2.381
rv,0.36,-0.01,-0.00,-0.93,2.384
g,0.00,0.00,0.00,2.388
rv,0.36,-0.01,-0.00,-0.93,2.391
a,0.22,0.02,9.79,2.396
g,0.00,-0.00,-0.00,2.398
m,-16.62,-20.50,-26.12,2.401
rv,0.36,-0.01,-0.00,-0.93,2.404
g,-0.00,0.00,0.00,2.410
rv,0.36,-0.01,-0.00,-0.93,2.413
g,0.01,0.00,0.00,2.417
rv,0.36,-0.01,-0.00,-0.93,2.420
a,0.22,0.02,9.79,2.423
m,-16.56,-20.81,-24.50,2.427
g,0.00,-0.00,0.00,2.429
rv,0.36,-0.01,-0.00,-0.93,2.432
g,-0.00,0.00,-0.00,2.436
rv,0.36,-0.01,-0.00,-0.93,2.439
a,0.22,0.02,9.75,2.442
m,-15.88,-20.69,-25.25,2.446
g,-0.00,0.00,0.00,2.448
rv,0.36,-0.01,-0.00,-0.93,2.451
a,0.22,0.02,9.75,2.456
g,0.00,0.00,-0.00,2.459
m,-15.38,-19.94,-25.19,2.461
rv,0.36,-0.01,-0.00,-0.93,2.464
g,0.00,-0.00,-0.00,2.471
rv,0.36,-0.01,-0.00,-0.93,2.473
g,0.00,0.00,0.00,2.477
rv,0.36,-0.01,-0.00,-0.93,2.480
a,0.22,0.02,9.75,2.483
m,-16.56,-20.12,-25.69,2.487
g,-0.01,0.00,-0.00,2.490
rv,0.36,-0.01,-0.00,-0.93,2.493
g,0.00,0.00,0.00,2.497
rv,0.36,-0.01,-0.00,-0.93,2.500
a,0.22,0.02,9.79,2.503
m,-15.81,-20.69,-24.88,2.507
g,0.00,-0.00,0.00,2.509
rv,0.36,-0.01,-0.00,-0.93,2.512
g,0.00,-0.00,0.00,2.516
rv,0.36,-0.01,-0.00,-0.93,2.519
a,0.22,0.02,9.75,2.522
m,-17.00,-21.25,-25.00,2.526
g,-0.00,0.00,0.00,2.532
rv,0.36,-0.01,-0.00,-0.93,2.536
g,0.00,0.00,0.00,2.540
rv,0.36,-0.01,-0.00,-0.93,2.542
g,0.00,-0.00,0.00,2.547
rv,0.36,-0.01,-0.00,-0.93,2.549
a,0.22,-0.02,9.75,2.552
m,-16.00,-21.44,-25.69,2.554
g,-0.00,0.00,0.00,2.558
rv,0.36,-0.01,-0.00,-0.93,2.560
a,0.22,0.02,9.71,2.565
m,-16.31,-20.81,-25.69,2.568
g,-0.01,0.01,0.00,2.571
rv,0.36,-0.01,-0.00,-0.93,2.573
g,-0.00,0.00,0.00,2.578
rv,0.36,-0.01,-0.00,-0.93,2.580
a,0.22,-0.02,9.79,2.584
m,-16.31,-20.81,-25.69,2.587
g,0.00,0.00,-0.00,2.594
rv,0.36,-0.01,-0.00,-0.93,2.597
g,0.01,-0.00,0.00,2.601
rv,0.36,-0.01,-0.00,-0.93,2.603
g,0.00,0.00,0.00,2.608
rv,0.36,-0.01,-0.00,-0.93,2.610
a,0.22,0.02,9.75,2.613
m,-15.00,-19.88,-25.19,2.616
g,-0.00,0.01,0.00,2.618
rv,0.36,-0.01,-0.00,-0.93,2.621
g,-0.01,0.01,0.00,2.627
rv,0.36,-0.01,-0.00,-0.93,2.629
a,0.22,0.02,9.75,2.632
m,-15.88,-20.75,-25.69,2.634
g,-0.01,0.01,-0.00,2.639
rv,0.36,-0.01,-0.00,-0.93,2.641
a,0.22,0.02,9.79,2.646
m,-15.81,-20.38,-25.25,2.648
g,-0.01,0.01,-0.00,2.655
rv,0.36,-0.01,-0.00,-0.93,2.659
g,-0.01,0.01,0.00,2.662
rv,0.36,-0.01,-0.00,-0.93,2.665
g,-0.01,0.01,-0.00,2.669
rv,0.36,-0.01,-0.00,-0.93,2.671
a,0.22,0.02,9.79,2.676
m,-16.19,-21.06,-24.50,2.678
g,-0.00,0.00,0.00,2.681
rv,0.36,-0.01,-0.00,-0.93,2.683
g,-0.00,-0.00,0.00,2.688
rv,0.36,-0.01,-0.00,-0.93,2.690
a,0.22,0.02,9.75,2.694
m,-17.00,-20.88,-25.00,2.697
g,-0.00,0.00,-0.00,2.700
rv,0.36,-0.01,-0.00,-0.93,2.703
g,0.00,0.00,-0.00,2.707
rv,0.36,-0.01,-0.00,-0.93,2.709
a,0.18,0.02,9.75,2.716
m,-16.56,-20.81,-24.50,2.719
g,-0.00,0.00,-0.00,2.722
rv,0.36,-0.01,-0.00,-0.93,2.724
g,0.01,-0.00,-0.00,2.729
rv,0.36,-0.01,-0.00,-0.93,2.731
a,0.26,0.02,9.75,2.737
g,0.01,-0.00,0.00,2.739
m,-15.31,-19.25,-25.56,2.742
rv,0.36,-0.01,-0.00,-0.93,2.745
g,0.00,-0.00,0.00,2.749
rv,0.36,-0.01,-0.00,-0.93,2.752
a,0.22,-0.02,9.75,2.757
g,-0.00,0.00,0.00,2.759
m,-15.88,-20.38,-26.00,2.762
rv,0.36,-0.01,-0.00,-0.93,2.765
g,0.00,0.00,0.00,2.769
rv,0.36,-0.01,-0.00,-0.93,2.772
g,-0.00,0.00,0.00,2.778
rv,0.36,-0.01,-0.00,-0.93,2.781
a,0.22,-0.02,9.71,2.783
m,-16.19,-20.75,-24.94,2.787
g,-0.00,0.00,-0.00,2.789
rv,0.36,-0.01,-0.00,-0.93,2.792
g,-0.00,0.00,0.00,2.796
rv,0.36,-0.01,-0.00,-0.93,2.799
a,0.22,-0.02,9.75,2.803
m,-15.50,-21.00,-24.81,2.806
g,-0.00,0.00,0.00,2.808
rv,0.36,-0.01,-0.00,-0.93,2.811
a,0.18,0.02,9.79,2.817
g,-0.00,0.00,0.00,2.819
m,-15.62,-19.62,-24.38,2.821
rv,0.36,-0.01,-0.00,-0.93,2.824
g,0.00,0.00,-0.00,2.827
rv,0.36,-0.01,-0.00,-0.93,2.830
a,0.22,-0.02,9.75,2.836
m,-15.94,-20.75,-26.06,2.840
g,-0.00,-0.00,0.00,2.842
rv,0.36,-0.01,-0.00,-0.93,2.846
g,0.01,-0.00,0.00,2.849
rv,0.36,-0.01,-0.00,-0.93,2.852
a,0.22,0.02,9.79,2.856
m,-16.25,-21.44,-24.12,2.859
g,0.00,-0.00,0.00,2.861
rv,0.36,-0.01,-0.00,-0.93,2.864
g,-0.00,0.00,-0.00,2.868
rv,0.36,-0.01,-0.00,-0.93,2.871
a,0.22,-0.02,9.75,2.876
m,-16.19,-20.75,-24.94,2.878
g,0.01,0.00,0.00,2.880
rv,0.36,-0.01,-0.00,-0.93,2.883
g,0.01,0.00,0.00,2.887
rv,0.36,-0.01,-0.00,-0.93,2.890
a,0.22,0.02,9.75,2.896
m,-15.75,-20.31,-24.44,2.900
g,-0.01,0.00,-0.00,2.903
rv,0.36,-0.01,-0.00,-0.93,2.906
g,-0.01,0.00,0.00,2.909
rv,0.36,-0.01,-0.00,-0.93,2.912
a,0.18,0.02,9.75,2.917
g,-0.00,0.00,0.00,2.920
m,-16.25,-20.75,-25.31,2.922
rv,0.36,-0.01,-0.00,-0.93,2.926
g,-0.01,0.00,0.00,2.928
rv,0.36,-0.01,-0.00,-0.93,2.931
a,0.22,-0.02,9.79,2.936
g,-0.01,-0.00,-0.00,2.939
m,-15.56,-21.38,-25.31,2.941
rv,0.36,-0.01,-0.00,-0.93,2.944
g,-0.00,-0.00,-0.00,2.949
rv,0.36,-0.01,-0.00,-0.93,2.951
a,0.22,-0.02,9.75,2.969
g,0.01,-0.00,0.00,2.972
m,-16.75,-21.56,-25.38,2.974
rv,0.36,-0.01,-0.00,-0.93,2.978
g,-0.00,-0.00,-0.00,2.983
rv,0.36,-0.01,-0.00,-0.93,2.985
g,0.00,0.00,-0.00,2.989
rv,0.36,-0.01,-0.00,-0.93,2.991
a,0.22,-0.02,9.75,2.996
m,-16.56,-20.50,-25.31,2.998
g,0.00,-0.00,0.00,3.002
rv,0.36,-0.01,-0.00,-0.93,3.004
a,0.22,-0.02,9.75,3.010
g,0.00,-0.00,-0.00,3.012
m,-16.31,-20.50,-26.50,3.014
rv,0.36,-0.01,-0.00,-0.93,3.017
g,0.00,0.00,-0.00,3.021
rv,0.36,-0.01,-0.00,-0.93,3.023
g,0.00,-0.00,0.00,3.030
rv,0.36,-0.01,-0.00,-0.93,3.032
g,0.00,-0.00,0.00,3.036
rv,0.36,-0.01,-0.00,-0.93,3.039
a,0.22,-0.02,9.79,3.042
m,-15.38,-20.62,-24.44,3.044
g,0.01,-0.01,-0.00,3.047
rv,0.36,-0.01,-0.00,-0.93,3.050
a,0.18,0.02,9.79,3.054
m,-15.75,-20.31,-24.88,3.057
g,0.01,-0.01,-0.00,3.061
rv,0.36,-0.01,-0.00,-0.93,3.063
g,0.00,-0.01,0.00,3.068
rv,0.36,-0.01,-0.00,-0.93,3.070
a,0.22,0.02,9.75,3.074
m,-16.38,-20.00,-23.75,3.077
g,0.00,0.00,0.00,3.079
rv,0.36,-0.01,-0.00,-0.93,3.082
g,-0.00,0.00,0.00,3.088
rv,0.36,-0.01,-0.00,-0.93,3.091
a,0.22,0.02,9.75,3.095
m,-15.50,-21.00,-24.88,3.098
g,-0.00,0.00,-0.00,3.101
rv,0.36,-0.01,-0.00,-0.93,3.104
g,-0.00,0.00,0.00,3.108
rv,0.36,-0.01,-0.00,-0.93,3.111
a,0.22,-0.02,9.75,3.116
m,-16.06,-20.00,-24.44,3.118
g,-0.01,0.01,-0.00,3.120
rv,0.36,-0.01,-0.00,-0.93,3.123
g,-0.01,0.00,0.00,3.128
rv,0.36,-0.01,-0.00,-0.93,3.130
a,0.22,-0.02,9.79,3.134
m,-15.06,-20.94,-24.38,3.137
g,0.00,0.00,0.00,3.139
rv,0.36,-0.01,-0.00,-0.93,3.142
g,0.00,-0.00,0.00,3.149
rv,0.36,-0.01,-0.00,-0.93,3.151
a,0.18,0.02,9.75,3.155
m,-17.00,-20.88,-25.38,3.158
g,0.01,-0.00,-0.00,3.160
rv,0.36,-0.01,-0.00,-0.93,3.163
g,0.01,-0.01,-0.00,3.167
rv,0.36,-0.01,-0.00,-0.93,3.170
a,0.22,0.02,9.79,3.173
m,-15.75,-20.69,-24.44,3.177
g,0.00,-0.00,-0.00,3.180
rv,0.36,-0.01,-0.00,-0.93,3.183
g,0.00,-0.00,0.00,3.187
rv,0.36,-0.01,-0.00,-0.93,3.190
a,0.22,-0.02,9.75,3.193
m,-16.44,-21.88,-25.38,3.197
g,0.01,-0.00,0.00,3.199
rv,0.36,-0.01,-0.00,-0.93,3.202
g,0.00,0.00,0.00,3.208
rv,0.36,-0.01,-0.00,-0.93,3.211
a,0.22,0.02,9.75,3.213
m,-17.12,-20.19,-24.19,3.217
g,-0.00,0.00,0.00,3.219
rv,0.36,-0.01,-0.00,-0.93,3.222
g,-0.01,0.00,-0.00,3.227
rv,0.36,-0.01,-0.00,-0.93,3.230
a,0.22,0.02,9.79,3.232
m,-15.94,-21.06,-25.31,3.235
g,-0.01,0.00,0.00,3.238
rv,0.36,-0.01,-0.00,-0.93,3.241
a,0.22,0.02,9.75,3.244
m,-16.12,-20.38,-24.94,3.248
g,-0.01,0.01,-0.00,3.250
rv,0.36,-0.01,-0.00,-0.93,3.253
g,-0.00,0.00,0.00,3.257
rv,0.36,-0.01,-0.00,-0.93,3.260
a,0.22,0.02,9.79,3.266
m,-15.31,-19.56,-25.19,3.270
g,-0.00,0.00,0.00,3.273
rv,0.36,-0.01,-0.00,-0.93,3.276
g,-0.00,0.00,0.00,3.281
rv,0.36,-0.01,-0.00,-0.93,3.284
g,-0.00,0.00,0.00,3.288
rv,0.36,-0.01,-0.00,-0.93,3.291
a,0.18,0.02,9.79,3.293
m,-16.38,-22.19,-24.56,3.297
g,-0.00,-0.00,-0.00,3.299
rv,0.36,-0.01,-0.00,-0.93,3.302
g,0.00,0.00,0.00,3.307
rv,0.36,-0.01,-0.00,-0.93,3.309
a,0.22,0.02,9.75,3.312
m,-15.56,-21.38,-24.88,3.314
g,0.00,0.00,0.00,3.318
rv,0.36,-0.01,-0.00,-0.93,3.320
a,0.22,0.02,9.75,3.327
m,-16.25,-21.12,-24.94,3.330
g,0.00,0.00,0.00,3.333
rv,0.36,-0.01,-0.00,-0.93,3.336
g,0.00,0.00,0.00,3.339
rv,0.36,-0.01,-0.00,-0.93,3.342
a,0.22,0.02,9.79,3.346
m,-15.50,-21.31,-24.44,3.349
g,0.00,0.00,0.00,3.351
rv,0.36,-0.01,-0.00,-0.93,3.354
g,0.00,0.00,0.00,3.358
rv,0.36,-0.01,-0.00,-0.93,3.360
a,0.18,0.02,9.75,3.364
m,-15.94,-21.44,-24.94,3.367
g,0.00,0.00,0.00,3.370
rv,0.36,-0.01,-0.00,-0.93,3.372
g,0.00,0.00,0.00,3.377
rv,0.36,-0.01,-0.00,-0.93,3.380
a,0.22,0.02,9.75,3.387
m,-16.50,-20.44,-24.50,3.390
g,0.00,0.00,0.00,3.393
rv,0.36,-0.01,-0.00,-0.93,3.397
g,0.00,0.00,0.00,3.400
rv,0.36,-0.01,-0.00,-0.93,3.403
g,0.00,0.00,0.00,3.407
rv,0.36,-0.01,-0.00,-0.93,3.410
a,0.22,0.02,9.75,3.412
m,-16.00,-21.12,-26.06,3.415
g,0.00,0.00,0.00,3.419
rv,0.36,-0.01,-0.00,-0.93,3.421
a,0.18,0.02,9.79,3.427
m,-15.56,-21.38,-25.31,3.429
g,0.00,0.00,0.00,3.431
rv,0.36,-0.01,-0.00,-0.93,3.434
g,0.00,0.00,0.00,3.438
rv,0.36,-0.01,-0.00,-0.93,3.441
a,0.22,-0.02,9.79,3.444
m,-15.06,-20.25,-25.56,3.451
g,0.00,0.00,0.00,3.454
rv,0.36,-0.01,-0.00,-0.93,3.458
g,0.00,0.00,0.00,3.460
rv,0.36,-0.01,-0.00,-0.93,3.463
g,0.00,0.00,0.00,3.467
rv,0.36,-0.01,-0.00,-0.93,3.469
a,0.22,0.02,9.79,3.472
m,-14.62,-20.12,-24.31,3.474
g,0.00,0.00,0.00,3.478
rv,0.36,-0.01,-0.00,-0.93,3.481
a,0.22,0.02,9.75,3.485
m,-16.38,-21.50,-25.75,3.488
g,0.00,0.00,0.00,3.490
rv,0.36,-0.01,-0.00,-0.93,3.493
g,0.00,0.00,0.00,3.497
rv,0.36,-0.01,-0.00,-0.93,3.500
a,0.22,-0.02,9.75,3.503
m,-16.31,-20.81,-25.69,3.510
g,0.00,0.00,0.00,3.512
rv,0.36,-0.01,-0.00,-0.93,3.515
g,0.00,0.00,0.00,3.519
rv,0.36,-0.01,-0.00,-0.93,3.521
a,0.18,0.02,9.75,3.525
m,-15.44,-21.00,-24.44,3.528
g,0.00,0.00,0.00,3.531
rv,0.36,-0.01,-0.00,-0.93,3.534
g,0.00,0.00,0.00,3.538
rv,0.36,-0.01,-0.00,-0.93,3.541
a,0.22,0.02,9.79,3.544
m,-14.75,-20.56,-24.81,3.548
g,0.00,0.00,0.00,3.551
rv,0.36,-0.01,-0.00,-0.93,3.554
g,0.00,0.00,0.00,3.558
rv,0.36,-0.01,-0.00,-0.93,3.560
a,0.22,0.02,9.75,3.564
m,-15.50,-20.69,-25.62,3.570
g,0.00,0.00,0.00,3.574
rv,0.36,-0.01,-0.00,-0.93,3.577
g,0.00,0.00,0.00,3.579
rv,0.36,-0.01,-0.00,-0.93,3.582
a,0.22,-0.02,9.75,3.587
g,0.00,0.00,0.00,3.589
m,-16.31,-21.12,-25.31,3.592
rv,0.36,-0.01,-0.00,-0.93,3.595
g,0.00,0.00,0.00,3.599
rv,0.36,-0.01,-0.00,-0.93,3.602
a,0.18,0.02,9.79,3.607
g,0.00,0.00,0.00,3.609
m,-16.19,-21.06,-24.12,3.612
rv,0.36,-0.01,-0.00,-0.93,3.614
g,0.00,0.00,0.00,3.618
rv,0.36,-0.01,-0.00,-0.93,3.621
a,0.22,0.06,9.75,3.624
m,-16.06,-20.38,-24.06,3.631
g,0.00,0.00,0.00,3.633
rv,0.36,-0.01,-0.00,-0.93,3.637
g,0.00,0.00,0.00,3.639
rv,0.36,-0.01,-0.00,-0.93,3.642
a,0.22,-0.02,9.75,3.647
g,0.00,0.00,0.00,3.649
m,-16.44,-19.75,-25.31,3.652
rv,0.36,-0.01,-0.00,-0.93,3.655
g,0.00,0.00,0.00,3.659
rv,0.36,-0.01,-0.00,-0.93,3.661
a,0.22,0.02,9.75,3.666
m,-15.88,-20.75,-25.69,3.668
g,0.00,0.00,0.00,3.671
rv,0.36,-0.01,-0.00,-0.93,3.673
g,0.00,0.00,0.00,3.677
rv,0.36,-0.01,-0.00,-0.93,3.680
a,0.22,-0.02,9.79,3.683
m,-16.00,-21.44,-25.31,3.687
g,0.00,0.00,0.00,3.693
rv,0.36,-0.01,-0.00,-0.93,3.697
g,0.00,0.00,0.00,3.700
rv,0.36,-0.01,-0.00,-0.93,3.703
g,0.00,0.00,0.00,3.708
rv,0.36,-0.01,-0.00,-0.93,3.710
a,0.22,0.02,9.75,3.713
m,-15.81,-20.38,-25.25,3.716
g,0.00,0.00,0.00,3.719
rv,0.36,-0.01,-0.00,-0.93,3.722
a,0.22,-0.02,9.83,3.728
g,0.00,0.00,0.00,3.730
m,-15.00,-20.88,-24.00,3.732
rv,0.36,-0.01,-0.00,-0.93,3.735
g,0.00,0.00,0.00,3.739
rv,0.36,-0.01,-0.00,-0.93,3.742
a,0.22,0.02,9.75,3.746
m,-15.62,-21.38,-25.69,3.749
g,0.00,0.00,0.00,3.755
rv,0.36,-0.01,-0.00,-0.93,3.759
g,0.00,0.00,0.00,3.762
rv,0.36,-0.01,-0.00,-0.93,3.764
g,0.00,0.00,0.00,3.768
rv,0.36,-0.01,-0.00,-0.93,3.771
a,0.22,0.02,9.75,3.774
m,-15.88,-20.75,-25.69,3.778
g,0.00,0.00,0.00,3.780
rv,0.36,-0.01,-0.00,-0.93,3.783
g,0.00,0.00,0.00,3.788
rv,0.36,-0.01,-0.00,-0.93,3.791
a,0.22,0.02,9.75,3.794
m,-16.62,-21.50,-24.56,3.798
g,0.00,0.00,0.00,3.800
rv,0.36,-0.01,-0.00,-0.93,3.802
g,0.00,0.00,0.00,3.806
rv,0.36,-0.01,-0.00,-0.93,3.809
a,0.22,0.02,9.71,3.816
m,-16.31,-21.12,-25.75,3.819
g,0.00,0.00,0.00,3.821
rv,0.36,-0.01,-0.00,-0.93,3.824
g,0.00,0.00,0.00,3.828
rv,0.36,-0.01,-0.00,-0.93,3.831
a,0.22,0.02,9.79,3.834
m,-16.75,-21.19,-25.75,3.838
g,0.00,0.00,0.00,3.840
rv,0.36,-0.01,-0.00,-0.93,3.843
g,0.00,0.00,0.00,3.847
rv,0.36,-0.01,-0.00,-0.93,3.849
a,0.22,-0.02,9.79,3.852
m,-15.88,-20.75,-25.69,3.854
g,0.00,0.00,0.00,3.858
rv,0.36,-0.01,-0.00,-0.93,3.861
a,0.22,0.02,9.79,3.865
m,-16.19,-21.06,-24.50,3.868
g,0.00,0.00,0.00,3.875
rv,0.36,-0.01,-0.00,-0.93,3.878
g,0.00,0.00,0.00,3.881
rv,0.36,-0.01,-0.00,-0.93,3.884
g,0.00,0.00,0.00,3.888
rv,0.36,-0.01,-0.00,-0.93,3.891
a,0.22,0.02,9.75,3.893
m,-15.88,-20.69,-25.25,3.897
g,0.00,0.00,0.00,3.899
rv,0.36,-0.01,-0.00,-0.93,3.901
a,0.22,0.02,9.75,3.907
g,0.00,0.00,0.00,3.909
m,-16.19,-21.06,-24.50,3.912
rv,0.36,-0.01,-0.00,-0.93,3.914
g,0.00,0.00,0.00,3.918
rv,0.36,-0.01,-0.00,-0.93,3.921
a,0.22,0.02,9.75,3.924
m,-16.69,-20.88,-25.75,3.928
g,0.00,0.00,0.00,3.930
rv,0.36,-0.01,-0.00,-0.93,3.958
rv,0.36,-0.01,-0.00,-0.93,3.962
m,-15.94,-21.06,-25.31,3.964
g,0.00,0.00,0.00,3.968
rv,0.36,-0.01,-0.00,-0.93,3.971
a,0.18,-0.02,9.79,3.974
g,0.00,0.00,0.00,3.978
rv,0.36,-0.01,-0.00,-0.93,3.980
a,0.22,0.02,9.79,3.984
m,-16.69,-20.88,-25.75,3.987
g,0.00,0.00,0.00,3.989
rv,0.36,-0.01,-0.00,-0.93,3.992
a,0.22,0.02,9.79,3.997
g,0.00,0.00,0.00,4.000
m,-17.19,-21.62,-26.19,4.002
rv,0.36,-0.01,-0.00,-0.93,4.005
g,0.00,0.00,0.00,4.009
rv,0.36,-0.01,-0.00,-0.93,4.012
a,0.22,0.02,9.75,4.018
m,-15.44,-20.62,-24.88,4.021
g,0.00,0.00,0.00,4.023
rv,0.36,-0.01,-0.00,-0.93,4.027
g,0.00,0.00,0.00,4.030
rv,0.36,-0.01,-0.00,-0.93,4.032
a,0.18,0.02,9.79,4.037
m,-17.00,-20.88,-25.38,4.040
g,0.00,0.00,0.00,4.043
rv,0.36,-0.01,-0.00,-0.93,4.046
g,0.00,0.00,0.00,4.049
rv,0.36,-0.01,-0.00,-0.93,4.052
a,0.18,-0.02,9.79,4.058
g,0.00,0.00,0.00,4.060
m,-16.94,-20.50,-25.38,4.062
rv,0.36,-0.01,-0.00,-0.93,4.065
g,0.00,0.00,0.00,4.069
rv,0.36,-0.01,-0.00,-0.93,4.072
a,0.22,-0.02,9.79,4.078
m,-16.38,-21.50,-25.38,4.081
g,0.00,0.00,0.00,4.083
rv,0.36,-0.01,-0.00,-0.93,4.087
g,0.00,0.00,0.00,4.090
rv,0.36,-0.01,-0.00,-0.93,4.092
g,0.00,0.00,0.00,4.097
rv,0.36,-0.01,-0.00,-0.93,4.100
a,0.22,0.02,9.79,4.103
m,-15.62,-20.25,-23.69,4.105
g,0.00,0.00,0.00,4.109
rv,0.36,-0.01,-0.00,-0.93,4.112
a,0.22,-0.02,9.79,4.116
m,-16.06,-19.69,-24.88,4.119
g,0.00,0.00,0.00,4.121
rv,0.36,-0.01,-0.00,-0.93,4.124
g,0.00,0.00,0.00,4.128
rv,0.36,-0.01,-0.00,-0.93,4.130
a,0.22,0.02,9.75,4.137
m,-17.00,-20.88,-25.38,4.141
g,0.00,0.00,0.00,4.144
rv,0.36,-0.01,-0.00,-0.93,4.147
g,0.00,0.00,0.00,4.151
rv,0.36,-0.01,-0.00,-0.93,4.153
a,0.22,0.02,9.79,4.159
g,0.00,0.00,0.00,4.161
m,-15.31,-20.56,-23.62,4.163
rv,0.36,-0.01,-0.00,-0.93,4.167
g,0.00,0.00,0.00,4.169
rv,0.36,-0.01,-0.00,-0.93,4.172
a,0.18,0.02,9.75,4.177
g,0.00,0.00,0.00,4.179
m,-14.69,-20.50,-24.31,4.182
rv,0.36,-0.01,-0.00,-0.93,4.185
g,0.00,0.00,0.00,4.188
rv,0.36,-0.01,-0.00,-0.93,4.190
a,0.22,0.02,9.79,4.197
m,-16.25,-20.75,-25.31,4.200
g,0.00,0.00,0.00,4.202
rv,0.36,-0.01,-0.00,-0.93,4.206
g,0.00,0.00,0.00,4.209
rv,0.36,-0.01,-0.00,-0.93,4.212
a,0.22,0.02,9.79,4.216
m,-16.44,-19.50,-25.69,4.219
g,0.00,0.00,0.00,4.222
rv,0.36,-0.01,-0.00,-0.93,4.225
g,0.00,0.00,0.00,4.229
rv,0.36,-0.01,-0.00,-0.93,4.231
a,0.22,-0.02,9.79,4.235
m,-16.31,-21.12,-25.31,4.238
g,0.00,0.00,0.00,4.240
rv,0.36,-0.01,-0.00,-0.93,4.243
g,0.00,0.00,0.00,4.247
rv,0.36,-0.01,-0.00,-0.93,4.250
a,0.22,0.02,9.79,4.253
m,-16.56,-20.81,-24.50,4.260
g,0.00,0.00,0.00,4.263
rv,0.36,-0.01,-0.00,-0.93,4.267
g,0.00,0.00,0.00,4.270
rv,0.36,-0.01,-0.00,-0.93,4.273
g,0.00,0.00,0.00,4.278
rv,0.36,-0.01,-0.00,-0.93,4.280
a,0.22,0.02,9.75,4.283
m,-16.00,-21.44,-25.31,4.286
g,0.00,0.00,0.00,4.291
rv,0.36,-0.01,-0.00,-0.93,4.293
a,0.22,0.02,9.75,4.298
m,-15.44,-21.31,-23.69,4.300
g,0.00,0.00,0.00,4.302
rv,0.36,-0.01,-0.00,-0.93,4.305
g,0.00,0.00,0.00,4.309
rv,0.36,-0.01,-0.00,-0.93,4.312
a,0.22,0.02,9.75,4.315
m,-15.44,-21.00,-24.44,4.322
g,0.00,0.00,0.00,4.325
rv,0.36,-0.01,-0.00,-0.93,4.329
g,0.00,0.00,0.00,4.332
rv,0.36,-0.01,-0.00,-0.93,4.334
g,0.00,0.00,0.00,4.338
rv,0.36,-0.01,-0.00,-0.93,4.341
a,0.22,0.02,9.79,4.345
m,-16.00,-21.81,-25.31,4.348
g,0.00,0.00,0.00,4.350
rv,0.36,-0.01,-0.00,-0.93,4.353
g,0.00,0.00,0.00,4.357
rv,0.36,-0.01,-0.00,-0.93,4.360
a,0.22,-0.02,9.75,4.363
m,-16.62,-20.81,-25.38,4.367
g,0.00,0.00,0.00,4.369
rv,0.36,-0.01,-0.00,-0.93,4.372
a,0.18,0.02,9.79,4.375
m,-16.44,-20.38,-24.12,4.382
g,0.00,0.00,0.00,4.384
rv,0.36,-0.01,-0.00,-0.93,4.388
g,0.00,0.00,0.00,4.391
rv,0.36,-0.01,-0.00,-0.93,4.393
g,0.00,0.00,0.00,4.397
rv,0.36,-0.01,-0.00,-0.93,4.400
a,0.22,0.02,9.75,4.403
m,-15.12,-20.94,-25.25,4.407
g,0.00,0.00,0.00,4.409
rv,0.36,-0.01,-0.00,-0.93,4.412
a,0.22,0.02,9.71,4.416
m,-16.62,-20.81,-25.38,4.419
g,0.00,0.00,0.00,4.421
rv,0.36,-0.01,-0.00,-0.93,4.424
g,0.00,0.00,0.00,4.428
rv,0.36,-0.01,-0.00,-0.93,4.430
a,0.22,0.02,9.75,4.434
m,-15.38,-20.25,-24.81,4.438
g,0.00,0.00,0.00,4.444
rv,0.36,-0.01,-0.00,-0.93,4.447
g,0.00,0.00,0.00,4.451
rv,0.36,-0.01,-0.00,-0.93,4.453
g,0.00,0.00,0.00,4.457
rv,0.36,-0.01,-0.00,-0.93,4.460
a,0.22,0.02,9.79,4.462
m,-15.69,-19.94,-24.44,4.465
g,0.00,0.00,0.00,4.468
rv,0.36,-0.01,-0.00,-0.93,4.471
a,0.22,0.02,9.79,4.474
m,-15.50,-21.31,-24.44,4.478
g,0.00,0.00,0.00,4.480
rv,0.36,-0.01,-0.00,-0.93,4.482
a,0.22,0.02,9.79,4.488
g,0.00,0.00,0.00,4.490
m,-15.88,-21.38,-24.50,4.493
rv,0.36,-0.01,-0.00,-0.93,4.495
g,0.00,0.00,0.00,4.502
rv,0.36,-0.01,-0.00,-0.93,4.504
g,0.00,0.00,0.00,4.508
rv,0.36,-0.01,-0.00,-0.93,4.511
a,0.18,0.02,9.79,4.515
m,-15.81,-20.69,-24.88,4.518
g,0.00,0.00,0.00,4.520
rv,0.36,-0.01,-0.00,-0.93,4.523
g,0.00,0.00,0.00,4.528
rv,0.36,-0.01,-0.00,-0.93,4.531
a,0.22,0.02,9.75,4.533
m,-16.38,-21.50,-25.75,4.537
g,0.00,0.00,0.00,4.540
rv,0.36,-0.01,-0.00,-0.93,4.543
g,0.00,0.00,0.00,4.548
rv,0.36,-0.01,-0.00,-0.93,4.550
a,0.22,0.02,9.79,4.553
m,-16.19,-20.75,-24.94,4.555
g,0.00,0.00,0.00,4.561
rv,0.36,-0.01,-0.00,-0.93,4.564
g,0.00,0.00,0.00,4.568
rv,0.36,-0.01,-0.00,-0.93,4.571
a,0.18,-0.02,9.75,4.574
m,-16.12,-20.38,-24.44,4.578
g,0.00,0.00,0.00,4.580
rv,0.36,-0.01,-0.00,-0.93,4.583
g,0.00,0.00,0.00,4.588
rv,0.36,-0.01,-0.00,-0.93,4.591
a,0.22,0.02,9.75,4.593
m,-15.31,-20.25,-24.38,4.596
g,0.00,0.00,0.00,4.599
rv,0.36,-0.01,-0.00,-0.93,4.601
a,0.18,0.02,9.75,4.605
m,-16.06,-20.06,-24.88,4.608
g,0.00,0.00,0.00,4.610
rv,0.36,-0.01,-0.00,-0.93,4.613
g,0.00,0.00,0.00,4.619
rv,0.36,-0.01,-0.00,-0.93,4.622
a,0.22,0.02,9.75,4.626
m,-16.12,-20.69,-24.12,4.629
g,0.00,0.00,0.00,4.631
rv,0.36,-0.01,-0.00,-0.93,4.634
g,0.00,0.00,0.00,4.638
rv,0.36,-0.01,-0.00,-0.93,4.641
a,0.22,0.02,9.79,4.644
m,-15.06,-20.94,-24.38,4.648
g,0.00,0.00,0.00,4.650
rv,0.36,-0.01,-0.00,-0.93,4.652
a,0.22,-0.02,9.79,4.658
g,0.00,0.00,0.00,4.660
m,-16.56,-20.81,-25.00,4.663
rv,0.36,-0.01,-0.00,-0.93,4.665
g,0.00,0.00,0.00,4.668
rv,0.36,-0.01,-0.00,-0.93,4.671
a,0.22,0.02,9.79,4.674
m,-16.00,-21.44,-25.69,4.681
g,0.00,0.00,0.00,4.684
rv,0.36,-0.01,-0.00,-0.93,4.688
g,0.00,0.00,0.00,4.691
rv,0.36,-0.01,-0.00,-0.93,4.694
g,0.00,0.00,0.00,4.698
rv,0.36,-0.01,-0.00,-0.93,4.700
a,0.22,0.02,9.79,4.704
m,-15.25,-21.31,-25.62,4.707
g,0.00,0.00,0.00,4.709
rv,0.36,-0.01,-0.00,-0.93,4.712
a,0.22,0.02,9.75,4.718
g,0.00,0.00,0.00,4.720
m,-17.19,-21.62,-25.81,4.722
rv,0.36,-0.01,-0.00,-0.93,4.725
g,0.00,0.00,0.00,4.729
rv,0.36,-0.01,-0.00,-0.93,4.732
a,0.22,0.02,9.79,4.736
m,-16.38,-21.50,-25.75,4.743
g,0.00,0.00,0.00,4.747
rv,0.36,-0.01,-0.00,-0.93,4.750
a,0.22,0.02,9.75,4.753
m,-16.00,-21.75,-24.94,4.757
g,0.00,0.00,0.00,4.760
rv,0.36,-0.01,-0.00,-0.93,4.763
g,0.00,0.00,0.00,4.768
rv,0.36,-0.01,-0.00,-0.93,4.770
a,0.22,0.02,9.75,4.773
m,-16.25,-21.44,-24.50,4.775
g,0.00,0.00,0.00,4.779
rv,0.36,-0.01,-0.00,-0.93,4.782
a,0.22,0.02,9.75,4.786
m,-15.19,-21.31,-25.25,4.789
g,0.00,0.00,0.00,4.792
rv,0.36,-0.01,-0.00,-0.93,4.795
g,0.00,0.00,0.00,4.799
rv,0.36,-0.01,-0.00,-0.93,4.806
g,0.00,0.00,0.00,4.810
rv,0.36,-0.01,-0.00,-0.93,4.813
a,0.22,-0.02,9.79,4.817
m,-16.06,-20.00,-24.44,4.820
g,0.00,0.00,0.00,4.822
rv,0.36,-0.01,-0.00,-0.93,4.824
g,0.00,0.00,0.00,4.828
rv,0.36,-0.01,-0.00,-0.93,4.831
a,0.18,0.02,9.79,4.835
m,-16.50,-20.75,-24.12,4.838
g,0.00,0.00,0.00,4.840
rv,0.36,-0.01,-0.00,-0.93,4.843
g,0.00,0.00,0.00,4.848
rv,0.36,-0.01,-0.00,-0.93,4.851
a,0.22,-0.02,9.75,4.853
m,-16.69,-20.88,-25.75,4.856
g,0.00,0.00,0.00,4.859
rv,0.36,-0.01,-0.00,-0.93,4.861
a,0.22,-0.02,9.75,4.868
m,-16.31,-21.12,-25.75,4.872
g,0.00,0.00,0.00,4.874
rv,0.36,-0.01,-0.00,-0.93,4.878
g,0.00,0.00,0.00,4.881
rv,0.36,-0.01,-0.00,-0.93,4.883
a,0.18,0.02,9.75,4.888
m,-16.31,-21.12,-25.31,4.890
g,0.00,0.00,0.00,4.892
rv,0.36,-0.01,-0.00,-0.93,4.895
g,0.00,0.00,0.00,4.899
rv,0.36,-0.01,-0.00,-0.93,4.902
a,0.22,0.02,9.75,4.905
m,-16.06,-21.81,-25.75,4.909
g,0.00,0.00,0.00,4.911
rv,0.36,-0.01,-0.00,-0.93,4.914
g,0.00,0.00,0.00,4.918
rv,0.36,-0.01,-0.00,-0.93,4.920
a,0.22,0.02,9.75,4.948
m,-15.12,-20.94,-25.25,4.951
m,-16.38,-21.19,-26.12,4.954
g,0.00,0.00,0.00,4.958
rv,0.36,-0.01,-0.00,-0.93,4.960
a,0.22,0.02,9.79,4.963
a,0.22,0.02,9.79,4.966
g,0.00,0.00,0.00,4.969
rv,0.36,-0.01,-0.00,-0.93,4.972
m,-16.12,-20.38,-24.44,4.976
g,0.00,0.00,0.00,4.980
rv,0.36,-0.01,-0.00,-0.93,4.982
a,0.22,0.02,9.75,4.987
m,-15.88,-21.06,-24.94,4.989
g,0.00,0.00,0.00,4.992
rv,0.36,-0.01,-0.00,-0.93,4.994
g,0.00,0.00,0.00,4.998
rv,0.36,-0.01,-0.00,-0.93,5.001
a,0.22,0.02,9.75,5.008
m,-16.38,-21.50,-25.38,5.011
g,0.00,0.00,0.00,5.013
rv,0.36,-0.01,-0.00,-0.93,5.017
g,0.00,0.00,0.00,5.020
rv,0.36,-0.01,-0.00,-0.93,5.023
a,0.22,0.02,9.75,5.028
g,0.00,0.00,0.00,5.030
m,-16.81,-21.88,-25.44,5.033
rv,0.36,-0.01,-0.00,-0.93,5.036
g,0.00,0.00,0.00,5.041
rv,0.36,-0.01,-0.00,-0.93,5.043
g,0.00,0.00,0.00,5.048
rv,0.36,-0.01,-0.00,-0.93,5.051
a,0.22,0.02,9.83,5.053
m,-15.88,-20.75,-25.69,5.057
g,0.00,0.00,0.00,5.060
rv,0.36,-0.01,-0.00,-0.93,5.063
g,0.00,0.00,0.00,5.069
rv,0.36,-0.01,-0.00,-0.93,5.072
a,0.22,0.02,9.71,5.074
m,-16.06,-21.19,-26.88,5.078
g,0.00,0.00,0.00,5.080
rv,0.36,-0.01,-0.00,-0.93,5.083
a,0.22,0.02,9.75,5.088
g,0.00,0.00,0.00,5.090
m,-15.12,-20.94,-25.25,5.093
rv,0.36,-0.01,-0.00,-0.93,5.095
g,0.00,0.00,0.00,5.099
rv,0.36,-0.01,-0.00,-0.93,5.102
a,0.22,-0.02,9.79,5.106
m,-15.62,-21.06,-26.00,5.109
g,0.00,0.00,0.00,5.111
rv,0.36,-0.01,-0.00,-0.93,5.114
g,0.00,0.00,0.00,5.118
rv,0.36,-0.01,-0.00,-0.93,5.121
a,0.22,0.02,9.79,5.124
m,-15.44,-20.62,-24.88,5.131
g,-0.00,0.00,0.00,5.134
rv,0.36,-0.01,-0.00,-0.93,5.137
g,0.00,0.00,0.00,5.140
rv,0.36,-0.01,-0.00,-0.93,5.143
a,0.22,0.02,9.75,5.148
m,-16.56,-20.50,-25.31,5.151
g,-0.00,0.00,0.00,5.154
rv,0.36,-0.01,-0.00,-0.93,5.158
g,-0.00,0.00,0.00,5.160
rv,0.36,-0.01,-0.00,-0.93,5.163
a,0.22,0.02,9.79,5.168
g,-0.01,-0.00,0.00,5.171
m,-15.38,-19.94,-25.56,5.173
rv,0.36,-0.01,-0.00,-0.93,5.176
g,-0.00,0.00,-0.00,5.180
rv,0.36,-0.01,-0.00,-0.93,5.183
a,0.22,0.02,9.79,5.188
g,-0.00,-0.00,0.00,5.195
m,-16.62,-20.50,-25.75,5.198
rv,0.36,-0.01,-0.00,-0.93,5.201
g,0.00,-0.00,-0.00,5.204
rv,0.36,-0.01,-0.00,-0.93,5.208
g,0.00,0.00,0.00,5.211
rv,0.36,-0.01,-0.00,-0.93,5.214
g,0.00,0.00,-0.00,5.218
rv,0.36,-0.01,-0.00,-0.93,5.221
a,0.22,-0.02,9.75,5.224
m,-14.75,-19.88,-25.88,5.227
g,0.00,-0.00,0.00,5.230
rv,0.36,-0.01,-0.00,-0.93,5.232
a,0.18,0.02,9.75,5.238
g,-0.01,0.00,-0.00,5.240
m,-15.94,-21.06,-25.31,5.243
rv,0.36,-0.01,-0.00,-0.93,5.245
g,-0.01,0.00,0.00,5.250
rv,0.36,-0.01,-0.00,-0.93,5.257
g,-0.01,0.00,0.00,5.261
rv,0.36,-0.01,-0.00,-0.93,5.263
a,0.22,0.02,9.79,5.269
g,-0.01,0.00,0.00,5.271
m,-15.88,-21.06,-24.94,5.274
rv,0.36,-0.01,-0.00,-0.93,5.276
g,-0.00,0.00,0.00,5.281
rv,0.36,-0.01,-0.00,-0.93,5.283
g,-0.00,0.00,-0.00,5.289
rv,0.36,-0.01,-0.00,-0.93,5.291
a,0.22,0.02,9.75,5.294
m,-16.12,-20.69,-24.12,5.298
g,0.00,0.00,-0.00,5.300
rv,0.36,-0.01,-0.00,-0.93,5.302
a,0.22,0.02,9.79,5.308
g,0.00,-0.00,0.00,5.310
m,-16.62,-21.19,-25.00,5.313
rv,0.36,-0.01,-0.00,-0.93,5.320
g,0.00,-0.00,-0.00,5.324
rv,0.36,-0.01,-0.00,-0.93,5.327
g,0.00,-0.00,-0.00,5.329
rv,0.36,-0.01,-0.00,-0.93,5.332
a,0.22,-0.02,9.79,5.335
m,-15.88,-20.75,-25.69,5.339
g,-0.00,0.00,0.00,5.342
rv,0.36,-0.01,-0.00,-0.93,5.345
a,0.22,-0.02,9.71,5.350
g,-0.00,0.00,-0.00,5.353
m,-15.25,-21.69,-25.25,5.355
rv,0.36,-0.01,-0.00,-0.93,5.359
g,-0.01,0.00,-0.00,5.362
rv,0.36,-0.01,-0.00,-0.93,5.365
g,-0.01,0.01,-0.00,5.369
rv,0.36,-0.01,-0.00,-0.93,5.372
a,0.22,-0.02,9.75,5.379
m,-16.50,-20.06,-24.94,5.382
g,-0.01,0.01,-0.00,5.386
rv,0.36,-0.01,-0.00,-0.93,5.389
g,-0.00,0.00,0.00,5.393
rv,0.36,-0.01,-0.00,-0.93,5.395
g,0.00,0.00,-0.00,5.400
rv,0.36,-0.01,-0.00,-0.93,5.402
a,0.22,-0.02,9.75,5.405
m,-16.06,-20.69,-23.75,5.408
g,0.00,0.00,-0.00,5.412
rv,0.36,-0.01,-0.00,-0.93,5.414
a,0.18,-0.02,9.83,5.420
g,0.00,-0.00,-0.00,5.422
m,-16.00,-21.44,-25.31,5.425
rv,0.36,-0.01,-0.00,-0.93,5.427
g,0.00,-0.00,0.00,5.430
rv,0.36,-0.01,-0.00,-0.93,5.433
a,0.22,0.02,9.75,5.440
g,0.00,-0.00,-0.00,5.442
m,-16.00,-21.81,-25.31,5.445
rv,0.36,-0.01,-0.00,-0.93,5.448
g,-0.00,-0.00,-0.00,5.451
rv,0.36,-0.01,-0.00,-0.93,5.453
g,-0.00,-0.00,-0.00,5.459
rv,0.36,-0.01,-0.00,-0.93,5.461
a,0.22,0.02,9.79,5.464
m,-16.19,-20.75,-24.94,5.467
g,-0.00,-0.00,-0.00,5.471
rv,0.36,-0.01,-0.00,-0.93,5.473
g,-0.00,0.00,0.00,5.479
rv,0.36,-0.01,-0.00,-0.93,5.481
a,0.22,-0.02,9.79,5.484
m,-15.81,-21.38,-23.75,5.487
g,0.00,0.00,0.00,5.491
rv,0.36,-0.01,-0.00,-0.93,5.493
a,0.22,-0.02,9.75,5.500
m,-15.94,-21.44,-24.94,5.503
g,0.00,0.00,0.00,5.505
rv,0.36,-0.01,-0.00,-0.93,5.508
g,-0.00,0.00,-0.00,5.512
rv,0.36,-0.01,-0.00,-0.93,5.514
g,-0.01,0.00,0.00,5.519
rv,0.36,-0.01,-0.00,-0.93,5.521
a,0.22,-0.02,9.75,5.524
m,-15.44,-20.94,-24.06,5.527
g,-0.00,0.00,0.00,5.530
rv,0.36,-0.01,-0.00,-0.93,5.532
a,0.18,-0.02,9.79,5.537
m,-15.06,-20.94,-24.38,5.539
g,0.00,-0.00,-0.00,5.543
rv,0.36,-0.01,-0.00,-0.93,5.545
g,0.00,-0.00,-0.00,5.550
rv,0.36,-0.01,-0.00,-0.93,5.552
a,0.18,-0.02,9.79,5.559
m,-15.50,-21.00,-24.88,5.563
g,0.01,-0.00,0.00,5.566
rv,0.36,-0.01,-0.00,-0.93,5.570
g,0.00,-0.00,-0.00,5.573
rv,0.36,-0.01,-0.00,-0.93,5.576
a,0.22,0.02,9.75,5.580
m,-15.62,-19.94,-24.00,5.583
g,0.00,-0.00,-0.00,5.585
rv,0.36,-0.01,-0.00,-0.93,5.589
g,0.00,0.00,0.00,5.592
rv,0.36,-0.01,-0.00,-0.93,5.595
a,0.22,-0.02,9.75,5.599
m,-15.06,-20.56,-24.81,5.602
g,-0.01,0.00,-0.00,5.604
rv,0.36,-0.01,-0.00,-0.93,5.607
g,-0.01,0.01,0.00,5.611
rv,0.36,-0.01,-0.00,-0.93,5.614
a,0.22,0.02,9.79,5.620
m,-17.06,-20.56,-26.12,5.624
g,-0.00,0.00,0.00,5.628
rv,0.36,-0.01,-0.00,-0.93,5.631
a,0.22,-0.02,9.75,5.634
m,-16.31,-21.50,-25.00,5.638
g,-0.01,0.01,0.00,5.641
rv,0.36,-0.01,-0.00,-0.93,5.644
a,0.22,0.02,9.71,5.648
m,-15.75,-20.69,-24.44,5.651
g,-0.01,0.01,0.00,5.654
rv,0.36,-0.01,-0.00,-0.93,5.657
g,-0.01,0.01,0.00,5.660
rv,0.36,-0.01,-0.00,-0.93,5.663
a,0.22,-0.02,9.83,5.665
m,-16.44,-20.38,-24.12,5.669
g,0.00,0.00,0.00,5.672
rv,0.36,-0.01,-0.00,-0.93,5.675
a,0.18,0.02,9.71,5.681
m,-15.44,-20.31,-25.25,5.684
g,0.00,0.00,0.00,5.687
rv,0.36,-0.01,-0.00,-0.93,5.690
g,0.00,0.00,0.00,5.693
rv,0.36,-0.01,-0.00,-0.93,5.696
g,0.00,-0.00,-0.00,5.700
rv,0.36,-0.01,-0.00,-0.93,5.703
a,0.22,0.02,9.75,5.705
m,-15.75,-20.69,-24.44,5.709
g,-0.00,-0.00,-0.00,5.712
rv,0.36,-0.01,-0.00,-0.93,5.715
a,0.22,-0.02,9.75,5.719
m,-16.25,-21.12,-24.94,5.722
g,-0.00,0.00,0.00,5.724
rv,0.36,-0.01,-0.00,-0.93,5.727
g,-0.00,-0.00,0.00,5.730
rv,0.36,-0.01,-0.00,-0.93,5.733
a,0.18,0.02,9.75,5.740
m,-15.19,-21.00,-25.62,5.742
g,-0.00,0.00,0.00,5.745
rv,0.36,-0.01,-0.00,-0.93,5.748
g,-0.00,0.00,-0.00,5.751
rv,0.36,-0.01,-0.00,-0.93,5.754
a,0.22,-0.02,9.75,5.759
m,-16.50,-20.75,-24.12,5.761
g,0.00,-0.00,0.00,5.764
rv,0.36,-0.01,-0.00,-0.93,5.766
g,-0.00,0.00,-0.00,5.771
rv,0.36,-0.01,-0.00,-0.93,5.773
a,0.22,-0.02,9.75,5.778
m,-15.00,-20.56,-24.38,5.780
g,-0.01,0.00,-0.00,5.783
rv,0.36,-0.01,-0.00,-0.93,5.785
g,-0.00,0.00,0.00,5.790
rv,0.36,-0.01,-0.00,-0.93,5.792
a,0.22,-0.02,9.79,5.799
m,-14.94,-19.56,-25.50,5.803
g,0.00,-0.00,0.00,5.806
rv,0.36,-0.01,-0.00,-0.93,5.810
g,0.00,0.00,0.00,5.813
rv,0.36,-0.01,-0.00,-0.93,5.816
g,0.00,-0.00,0.00,5.819
rv,0.36,-0.01,-0.00,-0.93,5.821
a,0.22,-0.02,9.79,5.825
m,-16.31,-20.81,-26.06,5.829
g,0.00,0.00,0.00,5.832
rv,0.36,-0.01,-0.00,-0.93,5.835
a,0.18,0.02,9.71,5.840
g,-0.00,0.00,0.00,5.842
m,-16.25,-21.12,-24.94,5.845
rv,0.36,-0.01,-0.00,-0.93,5.848
g,-0.01,0.00,0.00,5.851
rv,0.36,-0.01,-0.00,-0.93,5.854
g,-0.01,0.00,-0.00,5.860
rv,0.36,-0.01,-0.00,-0.93,5.863
a,0.18,-0.02,9.75,5.865
m,-15.56,-21.38,-24.88,5.869
g,-0.01,0.00,0.00,5.871
rv,0.36,-0.01,-0.00,-0.93,5.874
g,-0.01,0.00,0.00,5.878
rv,0.36,-0.01,-0.00,-0.93,5.881
a,0.18,-0.02,9.79,5.885
m,-15.50,-20.38,-26.06,5.888
g,-0.00,0.00,0.00,5.891
rv,0.36,-0.01,-0.00,-0.93,5.893
a,0.18,-0.02,9.79,5.899
g,-0.00,0.00,-0.00,5.901
m,-15.44,-20.31,-25.62,5.904
rv,0.36,-0.01,-0.00,-0.93,5.906
g,0.00,0.00,0.00,5.909
rv,0.36,-0.01,-0.00,-0.93,5.912
a,0.18,-0.02,9.83,5.941
m,-16.06,-20.38,-24.06,5.944
a,0.22,-0.02,9.71,5.948
m,-16.06,-21.19,-26.88,5.950
g,0.00,-0.01,-0.00,5.953
rv,0.36,-0.01,-0.00,-0.93,5.955
g,0.00,-0.01,-0.00,5.960
rv,0.36,-0.01,-0.00,-0.93,5.962
a,0.22,0.02,9.75,5.966
m,-15.62,-21.69,-24.94,5.969
g,0.01,-0.01,-0.00,5.972
rv,0.36,-0.01,-0.00,-0.93,5.974
g,0.01,-0.01,-0.00,5.979
rv,0.36,-0.01,-0.00,-0.93,5.981
a,0.18,0.02,9.75,5.985
m,-16.12,-20.38,-24.94,5.989
g,0.01,-0.01,-0.00,5.991
rv,0.36,-0.01,-0.00,-0.93,5.994
g,0.01,-0.01,-0.00,6.000
rv,0.36,-0.01,-0.00,-0.93,6.003
a,0.18,0.02,9.75,6.005
m,-16.25,-21.12,-24.94,6.009
g,0.00,-0.00,-0.01,6.011
rv,0.36,-0.01,-0.00,-0.93,6.014
g,0.00,0.00,0.00,6.018
rv,0.36,-0.01,-0.00,-0.93,6.021
a,0.22,0.02,9.75,6.024
m,-16.25,-21.12,-24.94,6.028
g,0.00,0.00,-0.00,6.030
rv,0.36,-0.01,-0.00,-0.93,6.033
a,0.22,-0.02,9.79,6.037
m,-16.56,-20.50,-25.31,6.040
g,-0.00,-0.00,-0.00,6.042
rv,0.36,-0.01,-0.00,-0.93,6.045
g,-0.00,-0.00,-0.00,6.049
rv,0.36,-0.01,-0.00,-0.93,6.052
a,0.22,-0.02,9.79,6.059
m,-15.31,-19.56,-25.19,6.062
g,-0.00,0.00,-0.00,6.064
rv,0.36,-0.01,-0.00,-0.93,6.067
a,0.18,-0.02,9.79,6.071
g,-0.00,-0.00,-0.00,6.074
m,-16.56,-21.12,-24.19,6.076
rv,0.36,-0.01,-0.00,-0.93,6.080
g,0.01,-0.00,-0.00,6.083
rv,0.36,-0.01,-0.00,-0.93,6.085
g,0.01,-0.00,-0.00,6.090
rv,0.36,-0.01,-0.00,-0.93,6.092
a,0.18,0.02,9.79,6.096
m,-16.62,-21.19,-25.00,6.099
g,0.01,-0.01,-0.01,6.102
rv,0.36,-0.01,-0.00,-0.93,6.104
g,0.02,-0.01,-0.01,6.109
rv,0.36,-0.01,-0.00,-0.93,6.111
a,0.22,-0.02,9.79,6.118
m,-15.38,-20.25,-24.81,6.122
g,0.01,-0.01,-0.01,6.124
rv,0.36,-0.01,-0.00,-0.93,6.128
g,0.01,-0.01,-0.02,6.131
rv,0.36,-0.01,-0.00,-0.93,6.134
a,0.18,-0.02,9.75,6.138
m,-15.06,-20.94,-24.38,6.141
g,0.00,-0.01,-0.02,6.143
rv,0.36,-0.01,-0.00,-0.93,6.146
g,0.01,-0.01,-0.02,6.150
rv,0.36,-0.01,-0.00,-0.93,6.153
a,0.22,-0.02,9.79,6.156
m,-16.00,-21.75,-24.94,6.160
g,0.01,-0.01,-0.02,6.162
rv,0.36,-0.01,-0.00,-0.93,6.165
g,0.02,-0.00,-0.01,6.170
rv,0.36,-0.01,-0.00,-0.93,6.176
g,0.01,0.00,-0.01,6.180
rv,0.36,-0.01,-0.00,-0.93,6.183
a,0.22,0.06,9.67,6.186
m,-16.19,-20.75,-24.50,6.190
g,0.00,0.01,0.00,6.192
rv,0.36,-0.01,-0.00,-0.93,6.195
g,0.00,0.01,0.00,6.199
rv,0.36,-0.01,-0.00,-0.93,6.202
a,0.18,0.02,9.71,6.205
m,-16.88,-20.50,-24.56,6.209
g,-0.01,0.01,0.00,6.211
rv,0.36,-0.01,-0.00,-0.93,6.214
g,-0.01,0.01,0.00,6.219
rv,0.36,-0.01,-0.00,-0.93,6.222
a,0.22,0.02,9.75,6.224
m,-16.12,-21.06,-23.75,6.227
g,-0.01,0.01,0.00,6.230
rv,0.36,-0.01,-0.00,-0.93,6.233
a,0.22,0.02,9.75,6.240
m,-16.31,-21.12,-25.75,6.242
g,-0.01,0.01,0.00,6.246
rv,0.36,-0.01,-0.00,-0.93,6.249
g,-0.01,0.01,0.00,6.253
rv,0.36,-0.01,-0.00,-0.93,6.255
a,0.22,-0.02,9.83,6.261
g,-0.01,0.00,-0.00,6.263
m,-15.75,-20.31,-24.44,6.266
rv,0.36,-0.01,-0.00,-0.93,6.269
g,0.00,-0.00,-0.00,6.272
rv,0.36,-0.01,-0.00,-0.93,6.274
g,0.01,-0.01,-0.00,6.279
rv,0.36,-0.01,-0.00,-0.93,6.281
a,0.22,0.02,9.79,6.285
m,-14.81,-20.88,-24.81,6.288
g,0.01,-0.01,-0.01,6.291
rv,0.36,-0.01,-0.00,-0.93,6.293
g,-0.00,0.00,-0.00,6.300
rv,0.36,-0.01,-0.00,-0.93,6.303
a,0.22,0.02,9.68,6.305
m,-16.12,-20.38,-24.94,6.309
g,-0.02,0.01,-0.00,6.311
rv,0.36,-0.01,-0.00,-0.93,6.314
g,-0.02,0.01,0.00,6.319
rv,0.36,-0.01,-0.00,-0.93,6.322
a,0.22,0.02,9.71,6.324
m,-15.81,-20.38,-25.25,6.327
g,-0.02,0.01,0.00,6.331
rv,0.36,-0.01,-0.00,-0.93,6.334
a,0.22,-0.02,9.79,6.339
g,-0.02,0.01,-0.00,6.342
m,-14.94,-19.88,-24.75,6.344
rv,0.36,-0.01,-0.00,-0.93,6.347
g,-0.02,0.01,-0.00,6.351
rv,0.36,-0.01,-0.00,-0.93,6.358
g,-0.01,0.01,-0.00,6.363
rv,0.36,-0.01,-0.00,-0.93,6.365
a,0.22,-0.05,9.87,6.370
m,-15.56,-21.38,-24.88,6.373
g,0.00,-0.01,-0.01,6.375
rv,0.36,-0.01,-0.00,-0.93,6.378
g,0.01,-0.01,-0.01,6.381
rv,0.36,-0.01,-0.00,-0.93,6.384
a,0.22,-0.02,9.75,6.388
m,-16.25,-21.12,-24.94,6.391
g,0.01,-0.01,-0.01,6.393
rv,0.36,-0.01,-0.00,-0.93,6.396
g,0.02,-0.02,-0.01,6.400
rv,0.36,-0.01,-0.00,-0.93,6.403
a,0.22,-0.02,9.75,6.406
m,-15.88,-20.38,-25.62,6.410
g,0.02,-0.01,-0.01,6.412
rv,0.36,-0.01,-0.00,-0.93,6.419
g,0.01,-0.01,-0.01,6.424
rv,0.36,-0.01,-0.00,-0.93,6.426
a,0.22,0.06,9.71,6.432
g,0.00,-0.00,-0.01,6.434
m,-16.38,-21.19,-26.12,6.437
rv,0.36,-0.01,-0.00,-0.93,6.441
g,-0.02,0.01,-0.01,6.444
rv,0.36,-0.01,-0.00,-0.93,6.447
g,-0.02,0.01,-0.01,6.451
rv,0.36,-0.01,-0.00,-0.93,6.454
a,0.22,0.02,9.79,6.458
m,-14.44,-20.81,-24.75,6.461
g,0.00,0.00,-0.00,6.463
rv,0.36,-0.01,-0.00,-0.93,6.466
g,0.01,0.00,-0.00,6.470
rv,0.36,-0.01,-0.00,-0.93,6.473
a,0.22,0.02,9.71,6.476
m,-14.62,-19.81,-24.75,6.483
g,0.00,0.00,-0.00,6.485
rv,0.36,-0.01,-0.00,-0.93,6.489
g,0.00,0.00,-0.00,6.492
rv,0.36,-0.01,-0.00,-0.93,6.495
g,-0.00,0.01,-0.00,6.500
rv,0.36,-0.01,-0.00,-0.93,6.502
a,0.22,-0.02,9.79,6.505
m,-15.38,-19.94,-25.19,6.508
g,-0.01,0.00,-0.00,6.511
rv,0.36,-0.01,-0.00,-0.93,6.513
a,0.22,0.02,9.75,6.519
g,-0.00,0.00,0.00,6.521
m,-16.69,-21.19,-25.38,6.524
rv,0.36,-0.01,-0.00,-0.93,6.526
g,-0.01,0.01,0.00,6.531
rv,0.36,-0.01,-0.00,-0.93,6.533
a,0.18,0.06,9.75,6.539
g,-0.01,0.01,0.01,6.545
m,-15.50,-21.31,-24.44,6.549
rv,0.36,-0.01,-0.00,-0.93,6.552
g,-0.01,0.01,0.01,6.555
rv,0.36,-0.01,-0.00,-0.93,6.559
g,-0.00,0.01,0.01,6.562
rv,0.36,-0.01,-0.00,-0.93,6.565
g,0.00,0.00,0.01,6.569
rv,0.36,-0.01,-0.00,-0.93,6.572
a,0.22,-0.05,9.83,6.574
m,-16.38,-20.06,-24.12,6.577
g,0.01,0.00,0.00,6.581
rv,0.36,-0.01,-0.00,-0.93,6.584
a,0.22,0.02,9.71,6.589
g,0.00,0.00,0.00,6.592
m,-17.19,-21.94,-25.44,6.594
rv,0.36,-0.01,-0.00,-0.93,6.597
g,-0.00,0.01,0.00,6.601
rv,0.36,-0.01,-0.00,-0.93,6.608
g,-0.00,0.01,0.00,6.612
rv,0.36,-0.01,-0.00,-0.93,6.615
a,0.18,-0.02,9.79,6.619
m,-16.12,-20.38,-24.94,6.622
g,-0.00,0.00,0.00,6.625
rv,0.36,-0.01,-0.00,-0.93,6.627
g,0.00,0.00,0.00,6.630
rv,0.36,-0.01,-0.00,-0.93,6.633
a,0.18,-0.02,9.79,6.637
m,-15.06,-20.25,-25.56,6.640
g,0.00,0.00,0.00,6.642
rv,0.36,-0.01,-0.00,-0.93,6.645
g,-0.00,-0.00,0.00,6.650
rv,0.36,-0.01,-0.00,-0.93,6.652
a,0.18,-0.02,9.83,6.655
m,-15.94,-21.06,-25.31,6.658
g,0.01,-0.01,0.00,6.661
rv,0.36,-0.01,-0.00,-0.93,6.667
g,0.02,-0.01,-0.00,6.672
rv,0.36,-0.01,-0.00,-0.93,6.675
a,0.22,-0.02,9.75,6.679
m,-15.88,-20.75,-25.69,6.682
g,0.01,-0.01,-0.00,6.684
rv,0.36,-0.01,-0.00,-0.93,6.687
g,0.00,0.00,-0.00,6.691
rv,0.36,-0.01,-0.00,-0.93,6.694
a,0.22,-0.02,9.75,6.698
m,-15.25,-21.00,-26.06,6.701
g,-0.00,0.01,0.00,6.704
rv,0.36,-0.01,-0.00,-0.93,6.707
g,-0.00,0.00,0.01,6.711
rv,0.36,-0.01,-0.00,-0.93,6.714
a,0.22,0.02,9.79,6.718
m,-15.12,-20.94,-25.25,6.721
g,0.00,0.01,0.01,6.723
rv,0.36,-0.01,-0.00,-0.93,6.730
g,-0.00,0.01,0.01,6.734
rv,0.36,-0.01,-0.00,-0.93,6.737
a,0.18,0.02,9.79,6.741
m,-16.56,-20.81,-25.00,6.743
g,-0.00,0.01,0.01,6.745
rv,0.36,-0.01,-0.00,-0.93,6.748
g,-0.00,0.01,0.01,6.752
rv,0.36,-0.01,-0.00,-0.93,6.754
g,0.00,0.01,0.01,6.760
rv,0.36,-0.01,-0.00,-0.93,6.762
a,0.18,-0.02,9.75,6.765
m,-15.38,-20.62,-24.44,6.768
g,0.00,0.01,0.01,6.772
rv,0.36,-0.01,-0.00,-0.93,6.774
a,0.18,-0.02,9.75,6.780
g,-0.00,0.01,0.01,6.782
m,-16.25,-20.44,-25.69,6.785
rv,0.36,-0.01,-0.00,-0.93,6.792
g,-0.00,0.01,0.01,6.796
rv,0.36,-0.01,-0.00,-0.93,6.800
g,-0.00,0.01,0.02,6.803
rv,0.36,-0.01,-0.00,-0.93,6.806
a,0.18,0.06,9.71,6.810
m,-16.19,-20.75,-24.94,6.813
g,-0.00,0.01,0.02,6.816
rv,0.36,-0.01,-0.00,-0.93,6.820
g,-0.01,0.02,0.03,6.823
rv,0.36,-0.01,-0.00,-0.93,6.826
g,-0.01,0.02,0.03,6.830
rv,0.36,-0.01,-0.00,-0.93,6.833
a,0.18,-0.02,9.79,6.835
m,-15.38,-19.94,-25.56,6.839
g,-0.01,0.01,0.03,6.841
rv,0.36,-0.01,-0.00,-0.93,6.844
a,0.22,-0.09,9.83,6.849
m,-16.19,-20.75,-24.50,6.856
g,0.01,0.00,0.01,6.861
rv,0.36,-0.01,-0.00,-0.93,6.863
a,0.26,-0.09,9.79,6.867
m,-15.81,-21.00,-24.06,6.870
g,0.01,0.01,0.00,6.873
rv,0.36,-0.01,-0.00,-0.93,6.875
g,0.01,0.01,0.00,6.880
rv,0.36,-0.01,-0.00,-0.93,6.882
a,0.18,-0.02,9.75,6.886
m,-16.31,-21.50,-25.00,6.889
g,-0.00,0.01,0.00,6.892
rv,0.36,-0.01,-0.00,-0.93,6.894
g,-0.01,0.01,0.00,6.899
rv,0.36,-0.01,-0.00,-0.93,6.901
a,0.18,0.02,9.71,6.904
m,-17.50,-21.31,-26.25,6.906
g,-0.01,0.01,0.00,6.911
rv,0.36,-0.01,-0.00,-0.93,6.938
rv,0.36,-0.01,-0.00,-0.93,6.941
m,-16.62,-20.50,-25.75,6.944
a,0.18,0.02,9.75,6.946
g,-0.01,0.01,0.00,6.950
rv,0.36,-0.01,-0.00,-0.93,6.953
a,0.18,0.02,9.83,6.955
g,-0.00,0.01,0.00,6.960
rv,0.36,-0.01,-0.00,-0.93,6.962
a,0.18,-0.02,9.79,6.966
m,-15.44,-20.31,-25.62,6.969
g,0.01,0.00,0.00,6.973
rv,0.36,-0.01,-0.00,-0.93,6.975
g,0.01,0.00,0.00,6.980
rv,0.36,-0.01,-0.00,-0.93,6.982
a,0.18,-0.02,9.79,6.986
m,-15.19,-21.00,-25.62,6.989
g,0.01,-0.00,0.00,6.992
rv,0.36,-0.01,-0.00,-0.93,6.999
g,0.01,-0.00,0.00,7.003
rv,0.36,-0.01,-0.00,-0.93,7.006
a,0.18,0.02,9.75,7.010
m,-15.44,-20.62,-24.88,7.013
g,0.01,0.00,0.00,7.015
rv,0.36,-0.01,-0.00,-0.93,7.019
g,0.00,0.00,0.00,7.022
rv,0.36,-0.01,-0.00,-0.93,7.025
g,-0.00,0.00,0.00,7.030
rv,0.36,-0.01,-0.00,-0.93,7.033
a,0.18,0.02,9.71,7.035
m,-16.50,-20.44,-24.50,7.039
g,-0.01,0.00,0.00,7.041
rv,0.36,-0.01,-0.00,-0.93,7.044
a,0.18,0.02,9.79,7.049
g,-0.01,0.00,0.00,7.051
m,-16.25,-20.75,-25.31,7.054
rv,0.36,-0.01,-0.00,-0.93,7.061
g,-0.01,0.01,0.01,7.065
rv,0.36,-0.01,-0.00,-0.93,7.069
a,0.18,-0.02,9.83,7.073
g,-0.01,0.01,0.00,7.076
m,-15.81,-20.00,-25.62,7.078
rv,0.36,-0.01,-0.00,-0.93,7.081
g,0.00,0.00,0.00,7.084
rv,0.36,-0.01,-0.00,-0.93,7.087
g,0.01,-0.00,0.00,7.091
rv,0.36,-0.01,-0.00,-0.93,7.094
a,0.18,-0.02,9.75,7.098
m,-15.50,-21.00,-24.88,7.101
g,0.01,-0.00,0.00,7.103
rv,0.36,-0.01,-0.00,-0.93,7.106
g,0.00,0.00,0.00,7.111
rv,0.36,-0.01,-0.00,-0.93,7.114
a,0.18,-0.02,9.75,7.118
m,-15.19,-21.00,-25.62,7.125
g,0.00,0.00,0.00,7.129
rv,0.36,-0.01,-0.00,-0.93,7.132
g,-0.01,0.01,0.00,7.135
rv,0.36,-0.01,-0.00,-0.93,7.139
g,-0.01,0.01,0.00,7.141
rv,0.36,-0.01,-0.00,-0.93,7.144
a,0.18,0.02,9.79,7.148
m,-16.25,-20.44,-26.06,7.151
g,-0.01,0.01,0.01,7.154
rv,0.36,-0.01,-0.00,-0.93,7.157
g,-0.00,0.01,0.00,7.161
rv,0.36,-0.01,-0.00,-0.93,7.164
a,0.18,-0.02,9.75,7.167
m,-15.56,-21.38,-24.88,7.171
g,-0.00,0.01,0.00,7.173
rv,0.36,-0.01,-0.00,-0.93,7.176
g,-0.00,0.01,0.00,7.180
rv,0.36,-0.01,-0.00,-0.93,7.187
g,-0.00,0.00,0.00,7.192
rv,0.36,-0.01,-0.00,-0.93,7.194
a,0.18,-0.02,9.79,7.199
m,-16.00,-21.44,-25.31,7.201
g,0.00,0.00,-0.00,7.204
rv,0.36,-0.01,-0.00,-0.93,7.206
g,0.00,-0.00,0.00,7.211
rv,0.36,-0.01,-0.00,-0.93,7.213
a,0.18,-0.02,9.79,7.217
m,-15.75,-20.00,-25.25,7.220
g,0.01,0.00,0.00,7.223
rv,0.36,-0.01,-0.00,-0.93,7.225
g,0.00,0.00,0.00,7.230
rv,0.36,-0.01,-0.00,-0.93,7.232
a,0.18,-0.02,9.79,7.236
m,-16.19,-20.75,-24.94,7.239
g,0.00,-0.00,0.00,7.242
rv,0.36,-0.01,-0.00,-0.93,7.249
g,0.00,0.00,-0.00,7.254
rv,0.36,-0.01,-0.00,-0.93,7.256
a,0.18,-0.02,9.79,7.261
m,-15.06,-20.94,-24.38,7.263
g,0.00,-0.00,0.00,7.266
rv,0.36,-0.01,-0.00,-0.93,7.269
g,0.02,-0.00,0.00,7.273
rv,0.36,-0.01,-0.00,-0.93,7.275
a,0.18,-0.02,9.75,7.280
m,-15.88,-20.75,-25.69,7.283
g,0.01,-0.00,-0.00,7.285
rv,0.36,-0.01,-0.00,-0.93,7.289
g,0.00,-0.00,0.00,7.292
rv,0.36,-0.01,-0.00,-0.93,7.295
g,0.00,0.00,0.00,7.299
rv,0.36,-0.01,-0.00,-0.93,7.302
a,0.18,0.02,9.75,7.304
m,-15.94,-21.44,-24.94,7.311
g,-0.01,0.00,0.00,7.315
rv,0.36,-0.01,-0.00,-0.93,7.319
g,-0.00,0.00,0.00,7.322
rv,0.36,-0.01,-0.00,-0.93,7.325
g,-0.01,0.00,0.00,7.329
rv,0.36,-0.01,-0.00,-0.93,7.332
a,0.18,0.02,9.75,7.334
m,-16.19,-20.75,-24.94,7.337
g,-0.01,0.00,0.00,7.341
rv,0.36,-0.01,-0.00,-0.93,7.344
a,0.18,-0.02,9.75,7.347
m,-16.50,-20.44,-24.50,7.351
g,0.00,0.00,0.00,7.354
rv,0.36,-0.01,-0.00,-0.93,7.356
g,0.01,-0.00,0.00,7.361
rv,0.36,-0.01,-0.00,-0.93,7.363
a,0.18,0.02,9.79,7.367
m,-16.00,-21.81,-25.31,7.384
g,0.01,-0.00,0.00,7.390
rv,0.36,-0.01,-0.00,-0.93,7.393
g,0.01,0.00,-0.00,7.396
rv,0.36,-0.01,-0.00,-0.93,7.400
g,0.00,0.00,-0.00,7.402
rv,0.36,-0.01,-0.00,-0.93,7.405
a,0.18,-0.02,9.75,7.409
m,-15.12,-20.94,-25.25,7.412
g,0.00,-0.00,0.00,7.414
rv,0.36,-0.01,-0.00,-0.93,7.417
a,0.18,0.02,9.71,7.421
m,-15.25,-19.88,-24.00,7.424
g,-0.00,0.00,0.00,7.426
rv,0.36,-0.01,-0.00,-0.93,7.430
g,-0.00,0.00,0.00,7.433
rv,0.36,-0.01,-0.00,-0.93,7.436
g,-0.00,0.00,-0.00,7.440
rv,0.36,-0.01,-0.00,-0.93,7.447
a,0.18,-0.02,9.79,7.451
g,-0.00,0.00,-0.00,7.454
m,-15.50,-20.69,-25.62,7.456
rv,0.36,-0.01,-0.00,-0.93,7.460
g,-0.00,0.00,-0.00,7.463
rv,0.36,-0.01,-0.00,-0.93,7.466
g,0.01,0.00,-0.00,7.470
rv,0.36,-0.01,-0.00,-0.93,7.473
a,0.14,-0.02,9.79,7.476
m,-14.81,-21.25,-24.38,7.480
g,0.00,0.00,0.00,7.482
rv,0.36,-0.01,-0.00,-0.93,7.485
g,-0.00,0.00,0.00,7.489
rv,0.36,-0.01,-0.00,-0.93,7.492
a,0.18,-0.02,9.79,7.496
m,-16.38,-21.81,-25.00,7.499
g,0.00,-0.00,0.00,7.502
rv,0.36,-0.01,-0.00,-0.93,7.509
g,0.00,0.00,0.00,7.514
rv,0.36,-0.01,-0.00,-0.93,7.516
a,0.18,0.02,9.75,7.522
g,0.00,0.00,0.00,7.524
m,-16.31,-21.12,-25.31,7.527
rv,0.36,-0.01,-0.00,-0.93,7.530
g,-0.01,0.00,0.00,7.534
rv,0.36,-0.01,-0.00,-0.93,7.536
g,-0.01,0.00,0.00,7.541
rv,0.36,-0.01,-0.00,-0.93,7.543
a,0.18,-0.02,9.75,7.547
m,-15.56,-21.06,-25.62,7.550
g,-0.01,0.00,0.00,7.553
rv,0.36,-0.01,-0.00,-0.93,7.555
g,-0.00,0.00,0.00,7.560
rv,0.36,-0.01,-0.00,-0.93,7.562
a,0.18,-0.02,9.75,7.566
m,-15.94,-20.75,-26.12,7.573
g,0.00,0.00,0.00,7.575
rv,0.36,-0.01,-0.00,-0.93,7.578
g,0.00,-0.00,0.00,7.582
rv,0.36,-0.01,-0.00,-0.93,7.585
a,0.18,-0.02,9.75,7.590
g,0.01,0.00,0.00,7.592
m,-15.62,-22.06,-24.50,7.595
rv,0.36,-0.01,-0.00,-0.93,7.598
g,0.01,0.00,0.00,7.601
rv,0.36,-0.01,-0.00,-0.93,7.603
a,0.18,0.02,9.75,7.607
m,-15.38,-20.62,-24.44,7.611
g,0.01,-0.00,0.00,7.613
rv,0.36,-0.01,-0.00,-0.93,7.615
g,0.00,-0.00,0.00,7.620
rv,0.36,-0.01,-0.00,-0.93,7.622
a,0.18,-0.02,9.75,7.626
m,-15.44,-20.31,-25.62,7.633
g,0.01,-0.01,0.00,7.635
rv,0.36,-0.01,-0.00,-0.93,7.638
g,0.01,-0.00,0.00,7.642
rv,0.36,-0.01,-0.00,-0.93,7.645
a,0.14,-0.02,9.79,7.650
g,0.01,-0.00,0.00,7.652
m,-15.38,-20.62,-24.44,7.655
rv,0.36,-0.01,-0.00,-0.93,7.658
g,0.01,-0.00,0.00,7.662
rv,0.36,-0.01,-0.00,-0.93,7.665
a,0.18,0.02,9.75,7.670
g,0.01,-0.00,-0.00,7.672
m,-15.25,-20.69,-26.06,7.675
rv,0.36,-0.01,-0.00,-0.93,7.678
g,0.00,-0.00,-0.00,7.681
rv,0.36,-0.01,-0.00,-0.93,7.684
a,0.18,-0.02,9.79,7.688
m,-15.44,-20.62,-24.88,7.695
g,0.01,-0.00,0.00,7.700
rv,0.36,-0.01,-0.00,-0.93,7.703
a,0.18,0.02,9.75,7.707
m,-16.31,-21.12,-25.75,7.710
g,0.00,0.00,0.00,7.712
rv,0.36,-0.01,-0.00,-0.93,7.715
g,-0.00,0.00,0.00,7.720
rv,0.36,-0.01,-0.00,-0.93,7.723
a,0.18,0.02,9.75,7.725
m,-16.44,-20.06,-24.50,7.728
g,0.00,0.00,0.00,7.731
rv,0.36,-0.01,-0.00,-0.93,7.734
a,0.18,0.02,9.75,7.737
m,-15.88,-20.69,-25.25,7.741
g,-0.00,0.00,0.00,7.743
rv,0.36,-0.01,-0.00,-0.93,7.746
g,-0.00,0.00,-0.00,7.750
rv,0.36,-0.01,-0.00,-0.93,7.753
a,0.18,0.02,9.79,7.759
m,-14.81,-21.25,-24.38,7.763
g,0.00,0.00,0.00,7.765
rv,0.36,-0.01,-0.00,-0.93,7.768
g,-0.00,0.00,-0.00,7.771
rv,0.36,-0.01,-0.00,-0.93,7.774
a,0.18,0.02,9.79,7.777
m,-15.75,-20.31,-24.88,7.781
g,-0.00,0.00,0.00,7.783
rv,0.36,-0.01,-0.00,-0.93,7.786
g,0.00,0.00,-0.00,7.791
rv,0.36,-0.01,-0.00,-0.93,7.794
a,0.18,0.02,9.79,7.796
m,-16.56,-20.50,-25.31,7.800
g,0.00,0.00,-0.00,7.803
rv,0.36,-0.01,-0.00,-0.93,7.806
g,0.00,0.00,0.00,7.810
rv,0.36,-0.01,-0.00,-0.93,7.813
a,0.18,-0.02,9.75,7.819
m,-15.44,-20.62,-24.88,7.823
g,0.00,0.00,0.00,7.825
rv,0.36,-0.01,-0.00,-0.93,7.828
g,0.01,0.00,0.00,7.832
rv,0.36,-0.01,-0.00,-0.93,7.835
a,0.18,-0.02,9.79,7.839
m,-15.44,-21.00,-24.44,7.842
g,0.00,0.00,-0.00,7.844
rv,0.36,-0.01,-0.00,-0.93,7.847
g,0.00,0.00,0.00,7.851
rv,0.36,-0.01,-0.00,-0.93,7.853
a,0.18,0.02,9.75,7.857
m,-16.00,-21.44,-25.31,7.860
g,0.00,0.00,-0.00,7.863
rv,0.36,-0.01,-0.00,-0.93,7.865
g,0.00,-0.00,0.00,7.870
rv,0.36,-0.01,-0.00,-0.93,7.872
a,0.18,-0.02,9.79,7.879
m,-15.88,-21.06,-24.94,7.883
g,0.00,0.00,-0.00,7.885
rv,0.36,-0.01,-0.00,-0.93,7.888
g,-0.00,0.00,0.00,7.892
rv,0.36,-0.01,-0.00,-0.93,7.895
a,0.18,-0.02,9.75,7.900
m,-16.31,-21.12,-25.31,7.903
g,-0.00,0.00,-0.00,7.905
rv,0.36,-0.01,-0.00,-0.93,7.908
g,-0.01,0.00,0.00,7.912
rv,0.36,-0.01,-0.00,-0.93,7.915
a,0.14,-0.02,9.79,7.919
m,-15.06,-20.56,-24.38,7.922
g,-0.00,0.00,0.00,7.924
rv,0.36,-0.01,-0.00,-0.93,7.927
g,0.00,-0.00,0.00,7.931
rv,0.36,-0.01,-0.00,-0.93,7.933
a,0.18,0.02,9.75,7.951
m,-14.81,-20.88,-24.81,7.954
g,0.00,0.00,0.00,7.957
rv,0.36,-0.01,-0.00,-0.93,7.961
g,0.00,-0.00,0.00,7.964
rv,0.36,-0.01,-0.00,-0.93,7.967
g,0.01,-0.00,0.00,7.972
rv,0.36,-0.01,-0.00,-0.93,7.974
a,0.18,0.02,9.79,7.978
m,-16.19,-21.38,-23.75,7.981
g,0.01,-0.00,0.00,7.985
rv,0.36,-0.01,-0.00,-0.93,7.987
g,0.01,-0.00,-0.00,7.992
rv,0.36,-0.01,-0.00,-0.93,7.994
a,0.14,0.02,9.75,7.998
m,-15.12,-21.25,-24.44,8.000
g,0.01,-0.00,0.00,8.003
rv,0.36,-0.01,-0.00,-0.93,8.005
g,0.01,0.00,0.00,8.012
rv,0.36,-0.01,-0.00,-0.93,8.014
a,0.18,0.02,9.75,8.020
m,-15.94,-21.06,-25.31,8.022
g,0.00,0.00,0.00,8.025
rv,0.36,-0.01,-0.00,-0.93,8.027
g,0.00,0.00,-0.00,8.031
rv,0.36,-0.01,-0.00,-0.93,8.034
a,0.14,0.02,9.75,8.038
m,-16.06,-20.06,-24.88,8.041
g,-0.00,0.00,-0.00,8.043
rv,0.36,-0.01,-0.00,-0.93,8.046
g,0.01,0.00,0.00,8.050
rv,0.36,-0.01,-0.00,-0.93,8.053
a,0.18,0.02,9.79,8.057
m,-15.94,-21.06,-25.31,8.060
g,0.00,0.00,-0.00,8.063
rv,0.36,-0.01,-0.00,-0.93,8.066
g,0.00,0.00,0.00,8.073
rv,0.36,-0.01,-0.00,-0.93,8.075
g,0.00,-0.00,0.00,8.081
rv,0.36,-0.01,-0.00,-0.93,8.083
a,0.14,0.02,9.75,8.086
m,-15.88,-20.75,-25.69,8.089
g,0.00,-0.00,-0.00,8.092
rv,0.36,-0.01,-0.00,-0.93,8.094
a,0.18,0.02,9.75,8.100
g,0.00,-0.00,-0.00,8.102
m,-16.44,-21.56,-26.19,8.105
rv,0.36,-0.01,-0.00,-0.93,8.107
g,0.00,0.00,0.00,8.112
rv,0.36,-0.01,-0.00,-0.93,8.115
a,0.18,0.02,9.71,8.120
g,-0.01,0.00,0.00,8.122
m,-16.12,-20.06,-25.25,8.125
rv,0.36,-0.01,-0.00,-0.93,8.128
g,-0.01,0.00,-0.00,8.134
rv,0.36,-0.01,-0.00,-0.93,8.137
g,-0.01,0.00,-0.00,8.141
rv,0.36,-0.01,-0.00,-0.93,8.144
a,0.14,0.02,9.75,8.147
m,-16.25,-20.75,-25.31,8.151
g,-0.01,0.00,-0.00,8.153
rv,0.36,-0.01,-0.00,-0.93,8.156
g,-0.00,-0.00,0.00,8.160
rv,0.36,-0.01,-0.00,-0.93,8.163
a,0.18,-0.02,9.79,8.166
m,-16.19,-20.75,-24.50,8.170
g,-0.00,-0.00,0.00,8.172
rv,0.36,-0.01,-0.00,-0.93,8.175
g,0.00,0.00,-0.00,8.180
rv,0.36,-0.01,-0.00,-0.93,8.183
a,0.18,0.02,9.75,8.185
m,-15.81,-20.38,-25.25,8.188
g,0.00,-0.00,-0.00,8.194
rv,0.36,-0.01,-0.00,-0.93,8.197
g,-0.00,0.00,-0.00,8.201
rv,0.36,-0.01,-0.00,-0.93,8.204
a,0.18,0.02,9.75,8.207
m,-16.19,-20.44,-25.31,8.211
g,-0.00,0.00,-0.00,8.214
rv,0.36,-0.01,-0.00,-0.93,8.217
g,0.00,0.00,0.00,8.221
rv,0.36,-0.01,-0.00,-0.93,8.224
a,0.14,-0.02,9.75,8.227
m,-15.12,-21.25,-24.06,8.231
g,-0.00,0.00,-0.00,8.233
rv,0.36,-0.01,-0.00,-0.93,8.236
g,0.00,0.00,0.00,8.240
rv,0.36,-0.01,-0.00,-0.93,8.243
a,0.18,0.02,9.75,8.246
m,-16.38,-21.50,-25.75,8.250
g,0.00,-0.00,0.00,8.256
rv,0.36,-0.01,-0.00,-0.93,8.260
g,0.01,-0.00,0.00,8.263
rv,0.36,-0.01,-0.00,-0.93,8.266
g,0.01,-0.00,-0.00,8.270
rv,0.36,-0.01,-0.00,-0.93,8.273
a,0.18,-0.02,9.75,8.275
m,-15.94,-20.75,-26.12,8.278
g,0.01,-0.00,0.00,8.282
rv,0.36,-0.01,-0.00,-0.93,8.285
a,0.18,0.02,9.79,8.290
g,0.01,-0.00,0.00,8.293
m,-15.88,-20.75,-25.69,8.295
rv,0.36,-0.01,-0.00,-0.93,8.298
g,0.01,-0.00,0.00,8.302
rv,0.36,-0.01,-0.00,-0.93,8.305
a,0.18,0.02,9.75,8.310
g,0.00,0.00,0.00,8.313
m,-16.75,-21.19,-25.75,8.319
rv,0.36,-0.01,-0.00,-0.93,8.323
g,-0.00,0.00,0.00,8.326
rv,0.36,-0.01,-0.00,-0.93,8.330
g,-0.00,0.00,0.00,8.333
rv,0.36,-0.01,-0.00,-0.93,8.336
g,-0.00,0.00,0.00,8.340
rv,0.36,-0.01,-0.00,-0.93,8.343
a,0.18,-0.02,9.79,8.345
m,-15.56,-21.00,-25.25,8.348
g,-0.00,0.00,-0.00,8.351
rv,0.36,-0.01,-0.00,-0.93,8.354
a,0.18,-0.02,9.75,8.357
m,-15.50,-21.00,-24.88,8.361
g,0.00,0.00,0.00,8.364
rv,0.36,-0.01,-0.00,-0.93,8.367
g,0.00,0.00,-0.00,8.371
rv,0.36,-0.01,-0.00,-0.93,8.374
a,0.18,-0.02,9.75,8.380
m,-16.38,-21.19,-26.19,8.384
g,0.00,0.00,0.00,8.386
rv,0.36,-0.01,-0.00,-0.93,8.390
g,0.01,-0.00,0.00,8.393
rv,0.36,-0.01,-0.00,-0.93,8.396
a,0.14,0.02,9.79,8.400
m,-15.81,-20.69,-24.88,8.403
g,0.01,-0.00,0.00,8.405
rv,0.36,-0.01,-0.00,-0.93,8.408
g,-0.00,-0.00,0.00,8.412
rv,0.36,-0.01,-0.00,-0.93,8.415
a,0.18,0.02,9.79,8.419
m,-16.44,-22.50,-24.56,8.422
g,0.01,0.00,0.00,8.424
rv,0.36,-0.01,-0.00,-0.93,8.427
g,0.01,-0.00,-0.00,8.431
rv,0.36,-0.01,-0.00,-0.93,8.434
a,0.18,0.02,9.71,8.441
m,-15.94,-21.06,-25.31,8.444
g,0.00,-0.00,0.00,8.446
rv,0.36,-0.01,-0.00,-0.93,8.450
g,0.01,-0.00,-0.00,8.453
rv,0.36,-0.01,-0.00,-0.93,8.456
g,-0.00,0.00,-0.00,8.460
rv,0.36,-0.01,-0.00,-0.93,8.463
a,0.18,0.02,9.75,8.466
m,-15.19,-20.62,-25.56,8.468
g,-0.00,0.00,0.00,8.471
rv,0.36,-0.01,-0.00,-0.93,8.474
a,0.18,0.02,9.79,8.478
m,-15.19,-20.94,-24.88,8.481
g,-0.01,0.01,0.00,8.483
rv,0.36,-0.01,-0.00,-0.93,8.486
g,-0.01,0.01,0.00,8.490
rv,0.36,-0.01,-0.00,-0.93,8.493
a,0.18,0.02,9.75,8.500
m,-16.06,-20.06,-24.88,8.503
g,-0.01,0.00,0.00,8.506
rv,0.36,-0.01,-0.00,-0.93,8.509
g,-0.01,0.00,0.00,8.512
rv,0.36,-0.01,-0.00,-0.93,8.515
a,0.18,-0.02,9.83,8.520
m,-15.44,-20.31,-25.25,8.522
g,0.00,0.00,0.00,8.524
rv,0.36,-0.01,-0.00,-0.93,8.527
g,0.01,-0.00,-0.00,8.531
rv,0.36,-0.01,-0.00,-0.93,8.534
a,0.18,0.02,9.75,8.538
m,-15.81,-20.69,-24.88,8.541
g,0.01,-0.01,-0.00,8.544
rv,0.36,-0.01,-0.00,-0.93,8.546
g,0.01,-0.00,-0.00,8.551
rv,0.36,-0.01,-0.00,-0.93,8.553
a,0.18,0.02,9.75,8.560
m,-14.94,-20.19,-24.38,8.563
g,0.01,-0.00,0.00,8.566
rv,0.36,-0.01,-0.00,-0.93,8.569
g,0.01,0.00,0.00,8.572
rv,0.36,-0.01,-0.00,-0.93,8.574
a,0.18,0.02,9.67,8.579
m,-16.62,-21.12,-24.56,8.582
g,-0.01,0.00,-0.00,8.584
rv,0.36,-0.01,-0.00,-0.93,8.586
a,0.18,0.02,9.79,8.591
m,-15.12,-20.62,-25.19,8.594
g,-0.01,0.00,0.00,8.596
rv,0.36,-0.01,-0.00,-0.93,8.600
g,-0.00,0.00,0.00,8.603
rv,0.36,-0.01,-0.00,-0.93,8.606
a,0.18,0.02,9.75,8.611
g,0.00,0.00,-0.00,8.613
m,-15.44,-21.31,-24.06,8.620
rv,0.36,-0.01,-0.00,-0.93,8.624
g,0.00,-0.00,0.00,8.627
rv,0.36,-0.01,-0.00,-0.93,8.631
g,0.01,-0.00,0.00,8.634
rv,0.36,-0.01,-0.00,-0.93,8.637
g,0.01,-0.00,0.00,8.641
rv,0.36,-0.01,-0.00,-0.93,8.644
a,0.18,0.02,9.75,8.646
m,-15.69,-21.12,-26.88,8.650
g,0.01,-0.00,0.00,8.652
rv,0.36,-0.01,-0.00,-0.93,8.655
a,0.18,0.02,9.75,8.660
m,-14.75,-20.56,-24.81,8.663
g,0.00,0.00,-0.00,8.665
rv,0.36,-0.01,-0.00,-0.93,8.668
g,-0.01,0.00,-0.00,8.672
rv,0.36,-0.01,-0.00,-0.93,8.675
a,0.18,0.02,9.75,8.681
m,-15.12,-20.25,-25.19,8.685
g,-0.01,0.00,0.00,8.688
rv,0.36,-0.01,-0.00,-0.93,8.692
g,-0.00,0.00,0.00,8.695
rv,0.36,-0.01,-0.00,-0.93,8.698
a,0.18,0.02,9.79,8.702
m,-15.19,-21.31,-24.44,8.705
g,-0.00,0.00,-0.00,8.707
rv,0.36,-0.01,-0.00,-0.93,8.711
g,-0.01,-0.00,0.00,8.714
rv,0.36,-0.01,-0.00,-0.93,8.717
g,0.00,0.00,-0.00,8.721
rv,0.36,-0.01,-0.00,-0.93,8.724
a,0.18,0.02,9.79,8.726
m,-15.88,-20.75,-25.69,8.730
g,0.00,-0.00,0.00,8.732
rv,0.36,-0.01,-0.00,-0.93,8.735
a,0.18,0.02,9.75,8.741
g,0.00,-0.00,-0.00,8.744
m,-15.50,-21.00,-24.88,8.746
rv,0.36,-0.01,-0.00,-0.93,8.750
g,0.01,-0.00,0.00,8.753
rv,0.36,-0.01,-0.00,-0.93,8.756
g,0.00,-0.00,0.00,8.760
rv,0.36,-0.01,-0.00,-0.93,8.763
a,0.18,0.02,9.75,8.767
m,-16.38,-21.50,-25.38,8.770
g,-0.00,-0.00,0.00,8.773
rv,0.36,-0.01,-0.00,-0.93,8.775
g,-0.00,0.00,0.00,8.780
rv,0.36,-0.01,-0.00,-0.93,8.783
a,0.18,0.02,9.75,8.786
m,-15.50,-20.69,-25.25,8.788
g,-0.01,0.00,-0.00,8.792
rv,0.36,-0.01,-0.00,-0.93,8.795
a,0.14,0.02,9.79,8.802
g,-0.01,0.00,0.00,8.804
m,-15.56,-21.06,-25.62,8.807
rv,0.36,-0.01,-0.00,-0.93,8.810
g,-0.00,0.00,-0.00,8.812
rv,0.36,-0.01,-0.00,-0.93,8.815
g,-0.01,0.00,-0.00,8.821
rv,0.36,-0.01,-0.00,-0.93,8.823
a,0.18,0.02,9.75,8.826
m,-17.19,-21.62,-25.81,8.828
g,-0.00,0.00,0.00,8.833
rv,0.36,-0.01,-0.00,-0.93,8.835
a,0.18,0.02,9.79,8.841
g,-0.00,0.00,-0.00,8.843
m,-15.88,-20.38,-25.62,8.846
rv,0.36,-0.01,-0.00,-0.93,8.849
g,-0.00,-0.00,-0.00,8.852
rv,0.36,-0.01,-0.00,-0.93,8.855
a,0.18,0.02,9.75,8.861
m,-15.44,-21.31,-24.06,8.865
g,0.00,0.00,-0.00,8.867
rv,0.36,-0.01,-0.00,-0.93,8.871
g,0.00,-0.00,-0.00,8.874
rv,0.36,-0.01,-0.00,-0.93,8.877
a,0.18,-0.02,9.75,8.882
g,-0.00,-0.00,0.00,8.884
m,-16.31,-20.81,-25.69,8.887
rv,0.36,-0.01,-0.00,-0.93,8.891
g,0.00,-0.00,0.00,8.894
rv,0.36,-0.01,-0.00,-0.93,8.897
g,-0.00,-0.00,-0.00,8.901
rv,0.36,-0.01,-0.00,-0.93,8.904
a,0.18,-0.02,9.75,8.907
m,-16.62,-20.50,-25.75,8.911
g,0.00,-0.00,-0.00,8.913
rv,0.36,-0.01,-0.00,-0.93,8.940
rv,0.36,-0.01,-0.00,-0.93,8.944
a,0.18,0.02,9.75,8.946
g,0.00,0.00,0.00,8.950
rv,0.36,-0.01,-0.00,-0.93,8.953
a,0.18,0.02,9.75,8.957
m,-16.25,-20.75,-25.31,8.960
g,0.00,0.00,0.00,8.962
rv,0.36,-0.01,-0.00,-0.93,8.965
a,0.18,0.02,9.75,8.970
g,-0.00,-0.00,-0.00,8.973
m,-15.56,-21.38,-25.31,8.975
rv,0.36,-0.01,-0.00,-0.93,8.978
g,-0.00,0.00,0.00,8.982
rv,0.36,-0.01,-0.00,-0.93,8.985
a,0.18,0.02,9.79,8.991
g,-0.01,0.00,-0.00,8.993
m,-15.94,-21.06,-25.31,8.995
rv,0.36,-0.01,-0.00,-0.93,8.998
g,-0.01,0.00,-0.00,9.005
rv,0.36,-0.01,-0.00,-0.93,9.007
g,-0.01,0.00,0.00,9.012
rv,0.36,-0.01,-0.00,-0.93,9.014
a,0.18,0.02,9.75,9.018
m,-16.00,-21.44,-25.69,9.021
g,-0.01,0.00,0.00,9.024
rv,0.36,-0.01,-0.00,-0.93,9.026
g,-0.00,0.00,0.00,9.030
rv,0.36,-0.01,-0.00,-0.93,9.033
a,0.18,-0.02,9.83,9.037
m,-15.75,-20.69,-24.44,9.040
g,0.00,-0.00,-0.00,9.042
rv,0.36,-0.01,-0.00,-0.93,9.045
a,0.18,-0.02,9.79,9.051
g,0.00,-0.00,0.00,9.053
m,-15.31,-19.94,-24.81,9.055
rv,0.36,-0.01,-0.00,-0.93,9.062
g,0.00,0.00,0.00,9.067
rv,0.36,-0.01,-0.00,-0.93,9.070
a,0.18,0.02,9.75,9.076
g,-0.00,-0.00,0.00,9.078
m,-16.25,-20.75,-25.31,9.081
rv,0.36,-0.01,-0.00,-0.93,9.084
g,-0.01,0.00,0.00,9.086
rv,0.36,-0.01,-0.00,-0.93,9.089
g,-0.01,0.00,-0.00,9.092
rv,0.36,-0.01,-0.00,-0.93,9.095
a,0.14,-0.02,9.79,9.099
m,-16.56,-20.81,-25.00,9.102
g,-0.00,0.00,0.00,9.104
rv,0.36,-0.01,-0.00,-0.93,9.107
g,-0.01,0.00,0.00,9.111
rv,0.36,-0.01,-0.00,-0.93,9.114
a,0.18,-0.02,9.75,9.117
m,-14.56,-19.81,-24.31,9.124
g,-0.00,0.00,-0.00,9.126
rv,0.36,-0.01,-0.00,-0.93,9.129
g,-0.01,0.00,-0.00,9.132
rv,0.36,-0.01,-0.00,-0.93,9.135
a,0.18,-0.02,9.79,9.140
m,-15.81,-21.00,-24.50,9.142
g,-0.00,0.00,0.00,9.144
rv,0.36,-0.01,-0.00,-0.93,9.147
g,-0.00,0.00,-0.00,9.151
rv,0.36,-0.01,-0.00,-0.93,9.154
a,0.18,-0.02,9.75,9.158
m,-15.31,-20.25,-24.38,9.161
g,-0.00,0.00,-0.00,9.163
rv,0.36,-0.01,-0.00,-0.93,9.166
g,0.00,0.00,-0.00,9.170
rv,0.36,-0.01,-0.00,-0.93,9.173
a,0.14,-0.02,9.79,9.176
m,-15.94,-21.06,-25.31,9.183
g,-0.00,-0.00,0.00,9.187
rv,0.36,-0.01,-0.00,-0.93,9.190
g,0.00,0.00,0.00,9.193
rv,0.36,-0.01,-0.00,-0.93,9.196
g,-0.00,0.00,-0.00,9.201
rv,0.36,-0.01,-0.00,-0.93,9.204
a,0.18,-0.02,9.75,9.207
m,-15.75,-20.31,-24.44,9.210
g,-0.00,0.00,-0.00,9.212
rv,0.36,-0.01,-0.00,-0.93,9.215
a,0.18,-0.02,9.75,9.220
g,-0.00,0.00,0.00,9.223
m,-15.75,-20.31,-24.88,9.225
rv,0.36,-0.01,-0.00,-0.93,9.228
g,0.00,0.00,-0.00,9.231
rv,0.36,-0.01,-0.00,-0.93,9.234
a,0.18,0.02,9.75,9.237
m,-15.19,-20.62,-25.56,9.244
g,0.00,0.00,-0.00,9.247
rv,0.36,-0.01,-0.00,-0.93,9.250
g,0.00,0.00,0.00,9.253
rv,0.36,-0.01,-0.00,-0.93,9.256
g,0.00,-0.00,0.00,9.260
rv,0.36,-0.01,-0.00,-0.93,9.263
a,0.18,0.02,9.79,9.265
m,-15.50,-20.69,-25.62,9.268
g,0.00,-0.00,-0.00,9.272
rv,0.36,-0.01,-0.00,-0.93,9.275
a,0.18,0.02,9.79,9.278
m,-15.38,-20.62,-24.44,9.282
g,0.01,-0.00,-0.00,9.284
rv,0.36,-0.01,-0.00,-0.93,9.287
g,0.01,-0.00,-0.00,9.292
rv,0.36,-0.01,-0.00,-0.93,9.294
a,0.18,0.02,9.75,9.298
m,-16.69,-21.19,-25.38,9.304
g,0.00,0.00,0.00,9.307
rv,0.36,-0.01,-0.00,-0.93,9.310
g,0.01,0.00,-0.00,9.314
rv,0.36,-0.01,-0.00,-0.93,9.316
g,0.01,0.00,-0.00,9.322
rv,0.36,-0.01,-0.00,-0.93,9.324
a,0.18,0.02,9.75,9.327
m,-15.94,-21.06,-25.31,9.330
g,0.01,0.00,0.00,9.332
rv,0.36,-0.01,-0.00,-0.93,9.335
a,0.18,0.02,9.75,9.341
g,0.00,0.00,-0.00,9.343
m,-15.19,-20.31,-26.00,9.345
rv,0.36,-0.01,-0.00,-0.93,9.348
g,-0.01,0.00,-0.00,9.352
rv,0.36,-0.01,-0.00,-0.93,9.355
a,0.18,-0.02,9.79,9.360
m,-16.12,-20.06,-25.25,9.366
g,-0.01,0.00,-0.00,9.371
rv,0.36,-0.01,-0.00,-0.93,9.373
a,0.18,-0.02,9.75,9.377
m,-15.88,-21.06,-24.94,9.380
g,-0.01,0.00,-0.00,9.383
rv,0.36,-0.01,-0.00,-0.93,9.385
a,0.18,-0.02,9.79,9.392
g,-0.00,0.01,0.00,9.394
m,-15.31,-19.94,-24.81,9.397
rv,0.36,-0.01,-0.00,-0.93,9.400
g,-0.01,0.00,0.00,9.403
rv,0.36,-0.01,-0.00,-0.93,9.405
a,0.14,-0.02,9.75,9.411
g,-0.01,0.00,-0.00,9.413
m,-16.31,-20.81,-25.69,9.416
rv,0.36,-0.01,-0.00,-0.93,9.418
g,-0.01,0.00,0.00,9.423
rv,0.36,-0.01,-0.00,-0.93,9.430
g,-0.01,0.01,0.00,9.434
rv,0.36,-0.01,-0.00,-0.93,9.437
a,0.18,-0.02,9.75,9.441
m,-16.31,-21.12,-25.75,9.444
g,-0.01,0.01,0.00,9.446
rv,0.36,-0.01,-0.00,-0.93,9.449
g,-0.01,0.01,0.00,9.453
rv,0.36,-0.01,-0.00,-0.93,9.456
a,0.18,0.02,9.79,9.459
m,-16.06,-20.06,-24.88,9.462
g,-0.01,0.01,0.00,9.464
rv,0.36,-0.01,-0.00,-0.93,9.467
g,-0.01,0.01,0.00,9.471
rv,0.36,-0.01,-0.00,-0.93,9.474
a,0.18,-0.02,9.79,9.476
m,-15.94,-21.12,-25.69,9.479
g,-0.01,0.01,0.00,9.482
rv,0.36,-0.01,-0.00,-0.93,9.489
g,-0.02,0.01,-0.00,9.493
rv,0.36,-0.01,-0.00,-0.93,9.496
a,0.18,-0.02,9.75,9.500
m,-15.81,-20.69,-24.88,9.503
g,-0.01,0.01,0.00,9.505
rv,0.36,-0.01,-0.00,-0.93,9.508
g,-0.01,0.01,0.00,9.512
rv,0.36,-0.01,-0.00,-0.93,9.515
a,0.18,0.02,9.75,9.518
m,-15.75,-20.31,-24.88,9.522
g,-0.01,0.01,-0.00,9.524
rv,0.36,-0.01,-0.00,-0.93,9.527
g,-0.01,0.01,-0.00,9.531
rv,0.36,-0.01,-0.00,-0.93,9.534
a,0.18,-0.02,9.75,9.537
m,-14.88,-21.25,-25.19,9.541
g,-0.00,0.00,0.00,9.543
rv,0.36,-0.01,-0.00,-0.93,9.550
g,-0.01,0.00,0.00,9.555
rv,0.36,-0.01,-0.00,-0.93,9.557
a,0.18,-0.02,9.79,9.563
g,-0.01,0.01,0.00,9.565
m,-14.75,-20.56,-24.81,9.568
rv,0.36,-0.01,-0.00,-0.93,9.570
g,-0.00,0.01,0.00,9.574
rv,0.36,-0.01,-0.00,-0.93,9.576
g,-0.00,0.01,-0.00,9.582
rv,0.36,-0.01,-0.00,-0.93,9.584
a,0.14,0.02,9.75,9.587
m,-16.19,-20.75,-24.50,9.590
g,-0.02,0.02,0.00,9.593
rv,0.36,-0.01,-0.00,-0.93,9.595
a,0.18,-0.02,9.71,9.601
g,-0.03,0.02,-0.00,9.603
m,-16.75,-21.56,-25.38,9.606
rv,0.36,-0.01,-0.00,-0.93,9.613
g,-0.04,0.02,-0.00,9.617
rv,0.36,-0.01,-0.00,-0.93,9.620
g,-0.04,0.03,-0.00,9.623
rv,0.36,-0.01,-0.00,-0.93,9.626
a,0.14,-0.05,9.79,9.630
m,-16.06,-20.06,-24.88,9.633
g,-0.03,0.03,-0.01,9.635
rv,0.36,-0.01,-0.00,-0.93,9.638
a,0.18,-0.02,9.68,9.642
m,-14.62,-19.81,-24.75,9.645
g,-0.04,0.03,-0.01,9.648
rv,0.36,-0.01,-0.00,-0.93,9.650
g,-0.05,0.04,-0.01,9.654
rv,0.36,-0.01,-0.00,-0.93,9.656
g,-0.06,0.04,-0.03,9.662
rv,0.36,-0.01,-0.00,-0.93,9.664
a,0.14,-0.09,9.71,9.671
m,-14.38,-20.50,-24.75,9.675
g,0.00,0.00,-0.03,9.678
rv,0.36,-0.01,-0.00,-0.93,9.682
g,-0.08,0.04,-0.05,9.685
rv,0.36,-0.01,-0.00,-0.93,9.688
g,-0.04,0.02,-0.10,9.692
rv,0.36,-0.01,-0.00,-0.93,9.695
a,0.18,-0.13,9.64,9.697
m,-15.12,-20.25,-25.56,9.701
g,-0.03,0.01,-0.13,9.704
