a,0.37,0.94,9.91,0.026
a,0.22,-0.36,9.75,0.053
m,-18.81,-23.88,-25.19,0.067
a,0.26,-0.17,9.79,0.079
rv,0.27,-0.02,-0.00,-0.96,0.087
m,-19.38,-24.38,-26.81,0.095
g,0.01,0.01,0.05,0.100
a,0.26,-0.09,9.79,0.106
rv,0.28,-0.02,-0.00,-0.96,0.112
a,0.26,-0.09,9.79,0.117
m,-19.62,-24.00,-25.62,0.125
a,0.26,-0.09,9.79,0.130
a,0.26,-0.05,9.79,0.138
a,0.22,-0.05,9.79,0.145
g,0.00,0.00,0.00,0.149
a,0.22,-0.05,9.79,0.155
rv,0.28,-0.02,-0.00,-0.96,0.162
a,0.22,-0.02,9.75,0.167
rv,0.28,-0.02,-0.00,-0.96,0.173
a,0.26,-0.05,9.75,0.183
a,0.26,-0.05,9.79,0.190
rv,0.28,-0.02,-0.00,-0.96,0.198
m,-19.62,-23.69,-26.38,0.207
rv,0.28,-0.02,-0.00,-0.96,0.214
a,0.22,-0.02,9.75,0.219
a,0.22,-0.02,9.75,0.226
rv,0.28,-0.02,-0.00,-0.96,0.234
a,0.22,-0.05,9.79,0.239
a,0.22,-0.09,9.79,0.246
rv,0.28,-0.02,-0.00,-0.96,0.253
a,0.26,-0.05,9.79,0.257
m,-19.50,-25.06,-26.81,0.263
a,0.22,-0.05,9.75,0.268
rv,0.28,-0.02,-0.00,-0.96,0.275
a,0.22,-0.05,9.75,0.278
a,0.22,-0.05,9.75,0.286
m,-20.06,-24.12,-26.44,0.290
a,0.22,-0.05,9.79,0.297
m,-18.62,-23.94,-27.12,0.308
m,-20.00,-24.56,-29.25,0.316
rv,0.28,-0.02,-0.00,-0.96,0.323
a,0.22,0.06,9.79,0.328
a,0.22,-0.02,9.75,0.335
g,0.00,0.00,0.04,0.339
a,0.22,-0.05,9.75,0.345
rv,0.28,-0.02,-0.00,-0.96,0.352
a,0.22,-0.09,9.75,0.357
a,0.22,-0.09,9.75,0.366
g,0.00,0.00,0.01,0.369
a,0.22,-0.09,9.79,0.375
rv,0.28,-0.02,-0.00,-0.96,0.382
a,0.22,-0.05,9.79,0.386
rv,0.28,-0.02,-0.00,-0.96,0.392
a,0.22,-0.02,9.79,0.397
m,-18.12,-23.44,-25.88,0.404
a,0.22,-0.02,9.79,0.408
a,0.18,-0.02,9.79,0.420
m,-21.06,-24.69,-28.56,0.427
rv,0.28,-0.02,-0.00,-0.96,0.435
m,-19.19,-23.62,-26.00,0.440
a,0.22,-0.09,9.75,0.447
rv,0.28,-0.02,-0.00,-0.96,0.452
a,0.18,-0.05,9.79,0.459
m,-18.88,-23.94,-25.94,0.465
a,0.22,-0.05,9.79,0.469
a,0.22,-0.05,9.79,0.477
rv,0.28,-0.02,-0.00,-0.96,0.483
a,0.22,-0.05,9.79,0.488
m,-19.56,-23.31,-26.00,0.496
rv,0.28,-0.02,-0.00,-0.96,0.504
a,0.22,-0.05,9.75,0.508
a,0.22,-0.05,9.79,0.517
rv,0.28,-0.02,-0.00,-0.96,0.523
a,0.18,-0.05,9.79,0.527
m,-19.25,-23.62,-26.38,0.539
a,0.22,-0.05,9.75,0.548
a,0.22,-0.05,9.75,0.556
g,-0.00,-0.00,0.00,0.559
a,0.26,-0.05,9.75,0.566
rv,0.28,-0.02,-0.00,-0.96,0.573
a,0.18,-0.05,9.75,0.578
m,-19.38,-22.94,-25.19,0.584
a,0.22,-0.05,9.75,0.588
a,0.26,-0.05,9.79,0.596
g,0.00,0.00,0.00,0.599
a,0.22,-0.05,9.79,0.606
rv,0.28,-0.02,-0.00,-0.96,0.613
a,0.22,-0.02,9.75,0.618
rv,0.28,-0.02,-0.00,-0.96,0.624
a,0.18,-0.05,9.75,0.628
a,0.18,-0.05,9.79,0.635
g,-0.02,-0.02,-0.01,0.640
a,0.07,-0.13,10.03,0.646
g,0.02,0.02,0.00,0.656
rv,0.28,-0.02,-0.00,-0.96,0.666
rv,0.28,-0.02,-0.00,-0.96,0.674
a,0.26,-0.05,9.64,0.680
m,-19.56,-23.31,-26.00,0.686
m,-19.31,-24.31,-26.00,0.692
a,0.26,-0.09,9.87,0.698
a,0.29,-0.05,9.71,0.706
g,0.01,-0.00,0.00,0.709
a,0.26,-0.05,9.79,0.716
rv,0.28,-0.02,-0.00,-0.96,0.724
a,0.26,-0.05,9.79,0.728
a,0.26,-0.09,9.68,0.737
rv,0.28,-0.02,-0.00,-0.96,0.742
a,0.26,-0.05,9.71,0.748
m,-19.38,-24.00,-26.81,0.754
a,0.26,-0.05,9.75,0.759
m,-19.94,-24.06,-25.31,0.765
a,0.26,-0.02,9.71,0.769
a,0.26,-0.02,9.75,0.790
m,-19.44,-24.06,-27.62,0.802
a,0.26,-0.05,9.83,0.810
a,0.26,-0.05,9.75,0.818
m,-19.62,-23.69,-26.38,0.825
a,0.26,-0.05,9.79,0.830
m,-19.38,-24.00,-26.81,0.836
m,-20.00,-24.06,-25.69,0.842
a,0.26,-0.05,9.75,0.848
a,0.26,-0.05,9.79,0.856
g,0.00,0.00,0.00,0.859
a,0.26,-0.05,9.75,0.866
rv,0.28,-0.02,-0.00,-0.96,0.874
a,0.22,-0.05,9.79,0.879
a,0.26,-0.05,9.79,0.886
m,-19.00,-24.62,-26.00,0.890
a,0.26,-0.02,9.75,0.896
rv,0.28,-0.02,-0.00,-0.96,0.903
a,0.26,-0.05,9.79,0.909
m,-19.69,-23.75,-27.25,0.919
a,0.26,-0.02,9.75,0.929
a,0.26,-0.02,9.79,0.937
rv,0.28,-0.02,-0.00,-0.96,0.943
a,0.26,-0.05,9.79,0.949
m,-18.56,-23.88,-25.94,0.955
a,0.26,-0.02,9.79,0.959
a,0.26,-0.02,9.75,0.967
rv,0.28,-0.02,-0.00,-0.96,0.973
a,0.29,-0.02,9.75,0.978
m,-18.88,-23.56,-26.31,0.986
rv,0.28,-0.02,-0.00,-0.96,0.993
a,0.26,-0.13,9.75,0.998
a,0.26,-0.13,9.75,1.006
g,0.00,-0.00,0.01,1.010
a,0.26,-0.09,9.83,1.017
rv,0.28,-0.02,-0.00,-0.96,1.025
a,0.26,-0.05,9.75,1.029
a,0.26,-0.05,9.79,1.040
a,0.26,-0.05,9.79,1.048
m,-20.50,-24.81,-25.75,1.055
a,0.26,-0.02,9.79,1.060
m,-19.81,-24.44,-27.25,1.067
rv,0.28,-0.02,-0.00,-0.96,1.073
a,0.29,-0.02,9.75,1.078
a,0.29,0.02,9.75,1.085
g,-0.00,-0.00,0.03,1.089
a,0.29,-0.02,9.75,1.095
m,-19.69,-23.38,-27.19,1.100
a,0.29,-0.13,9.79,1.107
rv,0.28,-0.01,-0.00,-0.96,1.113
a,0.29,-0.17,9.75,1.118
m,-19.94,-23.69,-25.69,1.124
a,0.26,-0.09,9.75,1.128
rv,0.28,-0.01,-0.00,-0.96,1.136
m,-20.00,-23.75,-26.44,1.141
a,0.29,-0.05,9.79,1.148
a,0.29,-0.02,9.79,1.159
a,0.29,-0.05,9.79,1.168
m,-20.00,-23.75,-26.44,1.175
a,0.29,-0.02,9.75,1.179
a,0.29,-0.05,9.83,1.186
rv,0.28,-0.01,-0.00,-0.96,1.192
a,0.29,-0.05,9.75,1.197
rv,0.28,-0.01,-0.00,-0.96,1.203
a,0.29,-0.05,9.75,1.209
m,-19.25,-24.31,-25.62,1.215
a,0.29,-0.05,9.75,1.219
a,0.29,-0.05,9.75,1.227
rv,0.28,-0.01,-0.00,-0.96,1.232
a,0.29,-0.05,9.75,1.237
rv,0.28,-0.01,-0.00,-0.96,1.242
a,0.33,-0.05,9.79,1.247
rv,0.28,-0.01,-0.00,-0.96,1.254
a,0.29,-0.05,9.75,1.258
a,0.29,-0.09,9.75,1.270
a,0.29,-0.05,9.79,1.278
m,-20.19,-22.75,-26.06,1.286
g,0.00,-0.00,0.00,1.291
a,0.29,-0.02,9.79,1.298
m,-20.12,-25.12,-25.38,1.305
a,0.29,-0.05,9.79,1.308
a,0.29,-0.02,9.79,1.316
g,-0.00,0.00,0.00,1.320
m,-20.88,-24.56,-26.19,1.326
g,-0.00,-0.00,0.00,1.331
a,0.33,-0.05,9.79,1.338
m,-18.50,-23.88,-25.56,1.344
a,0.29,-0.05,9.79,1.348
a,0.29,-0.05,9.75,1.355
a,0.29,-0.05,9.79,1.359
m,-19.12,-25.06,-26.88,1.366
a,0.33,-0.05,9.79,1.369
a,0.29,-0.05,9.75,1.377
rv,0.28,-0.02,-0.00,-0.96,1.384
a,0.33,-0.05,9.79,1.393
a,0.29,-0.05,9.79,1.401
a,0.33,-0.05,9.75,1.409
a,0.33,-0.05,9.83,1.416
m,-20.12,-24.44,-26.50,1.420
a,0.33,-0.09,9.79,1.427
m,-19.31,-24.00,-26.38,1.435
a,0.41,-0.05,9.75,1.439
rv,0.28,-0.02,-0.00,-0.96,1.446
m,-20.00,-23.75,-26.06,1.451
a,0.37,-0.09,9.71,1.458
rv,0.28,-0.02,-0.00,-0.96,1.464
a,0.37,-0.09,9.75,1.468
m,-20.44,-24.19,-26.50,1.477
g,0.01,-0.01,-0.04,1.483
a,0.37,-0.13,9.79,1.488
a,0.37,-0.02,9.83,1.497
rv,0.28,-0.02,-0.00,-0.96,1.502
a,0.37,-0.02,9.79,1.511
a,0.37,0.02,9.79,1.520
a,0.33,0.06,9.83,1.528
m,-19.69,-23.69,-26.88,1.536
a,0.37,-0.05,9.75,1.539
a,0.41,-0.09,9.71,1.547
rv,0.28,-0.02,-0.00,-0.96,1.553
a,0.45,-0.21,9.53,1.558
m,-20.06,-24.44,-25.69,1.565
a,0.33,0.06,10.03,1.568
a,0.37,-0.02,9.71,1.576
g,0.00,0.01,-0.00,1.580
a,0.37,-0.05,9.71,1.586
g,0.01,0.02,-0.00,1.592
a,0.37,-0.05,9.87,1.598
rv,0.28,-0.02,-0.00,-0.96,1.603
a,0.37,-0.09,9.79,1.608
m,-18.69,-22.81,-25.50,1.615
a,0.37,-0.05,9.79,1.620
m,-19.94,-23.38,-26.44,1.630
a,0.41,-0.05,9.79,1.639
a,0.37,-0.02,9.75,1.646
g,0.01,0.01,0.00,1.650
a,0.37,-0.05,9.79,1.656
rv,0.28,-0.02,-0.00,-0.96,1.663
a,0.33,-0.05,9.79,1.668
m,-18.94,-23.94,-25.94,1.675
a,0.37,-0.05,9.79,1.679
a,0.33,-0.05,9.79,1.687
rv,0.28,-0.02,-0.00,-0.96,1.693
a,0.33,-0.02,9.79,1.699
m,-20.12,-24.75,-25.75,1.705
a,0.37,-0.05,9.79,1.709
a,0.37,-0.02,9.79,1.717
rv,0.28,-0.02,-0.00,-0.96,1.722
a,0.37,-0.05,9.79,1.727
rv,0.28,-0.02,-0.00,-0.96,1.734
a,0.33,-0.09,9.83,1.739
m,-19.25,-23.94,-25.62,1.750
a,0.41,-0.09,9.71,1.759
a,0.37,-0.05,9.83,1.766
rv,0.28,-0.02,-0.00,-0.96,1.773
a,0.33,-0.09,9.79,1.778
m,-19.56,-23.69,-26.00,1.785
a,0.41,-0.09,9.75,1.789
a,0.41,-0.09,9.75,1.797
rv,0.28,-0.02,-0.00,-0.96,1.803
a,0.41,-0.09,9.71,1.808
rv,0.28,-0.02,-0.00,-0.96,1.816
m,-20.12,-24.81,-26.12,1.822
a,0.37,-0.05,9.83,1.828
m,-20.19,-25.19,-26.12,1.836
a,0.37,-0.09,9.79,1.839
a,0.37,-0.05,9.79,1.847
rv,0.28,-0.02,-0.00,-0.96,1.854
a,0.37,-0.09,9.79,1.858
m,-18.88,-23.56,-25.56,1.869
m,-20.81,-25.38,-28.62,1.877
rv,0.28,-0.02,-0.00,-0.96,1.885
a,0.45,-0.09,9.67,1.891
a,0.41,-0.05,9.71,1.898
rv,0.28,-0.02,-0.00,-0.96,1.904
a,0.41,-0.02,9.75,1.909
m,-18.81,-23.19,-25.94,1.915
a,0.37,-0.02,9.79,1.920
m,-19.19,-23.25,-26.38,1.926
m,-19.81,-24.75,-26.50,1.933
a,0.37,-0.05,9.71,1.939
a,0.37,-0.02,9.83,1.947
rv,0.28,-0.02,-0.00,-0.96,1.953
a,0.37,-0.05,9.79,1.958
m,-19.31,-24.31,-26.00,1.966
g,0.00,-0.00,-0.02,1.972
a,0.41,-0.05,9.79,1.978
a,0.41,-0.09,9.79,1.986
g,0.00,0.00,-0.02,2.005
a,0.41,-0.05,9.75,2.016
a,0.41,-0.09,9.75,2.023
a,0.41,-0.09,9.71,2.031
m,-19.31,-24.31,-26.00,2.038
m,-19.94,-24.06,-25.31,2.046
m,-18.19,-23.50,-26.31,2.051
a,0.37,0.02,9.75,2.058
rv,0.27,-0.02,-0.00,-0.96,2.064
a,0.37,0.02,9.79,2.069
m,-21.12,-24.25,-25.81,2.076
a,0.33,-0.02,9.79,2.080
a,0.33,-0.05,9.83,2.088
m,-19.00,-23.62,-26.75,2.095
a,0.33,-0.02,9.83,2.099
a,0.37,-0.02,9.79,2.106
m,-19.00,-24.00,-26.81,2.111
rv,0.27,-0.02,-0.00,-0.96,2.116
m,-18.69,-23.12,-24.75,2.126
a,0.37,-0.09,9.79,2.132
a,0.37,-0.05,9.75,2.139
a,0.37,-0.05,9.79,2.147
rv,0.27,-0.02,-0.00,-0.96,2.155
a,0.37,-0.05,9.83,2.159
a,0.37,-0.05,9.75,2.166
m,-19.25,-24.31,-25.62,2.170
a,0.41,-0.09,9.71,2.177
rv,0.27,-0.02,-0.00,-0.96,2.183
a,0.37,-0.17,9.83,2.189
m,-20.00,-23.75,-26.06,2.196
a,0.33,-0.13,9.87,2.200
a,0.37,-0.13,9.79,2.208
rv,0.27,-0.02,-0.00,-0.96,2.214
a,0.33,-0.05,9.79,2.218
m,-19.25,-24.31,-25.25,2.226
a,0.33,0.02,9.79,2.230
m,-18.88,-23.56,-25.94,2.237
rv,0.27,-0.02,-0.00,-0.96,2.248
rv,0.27,-0.02,-0.00,-0.96,2.256
a,0.37,-0.05,9.75,2.262
rv,0.27,-0.02,-0.00,-0.96,2.268
rv,0.27,-0.02,-0.00,-0.96,2.276
a,0.41,-0.05,9.75,2.279
a,0.41,-0.09,9.68,2.287
rv,0.27,-0.02,-0.00,-0.96,2.293
a,0.37,-0.09,9.79,2.298
rv,0.27,-0.02,-0.00,-0.96,2.305
a,0.41,-0.13,9.79,2.310
a,0.41,-0.17,9.79,2.318
rv,0.27,-0.02,-0.00,-0.96,2.326
a,0.41,-0.17,9.79,2.329
a,0.45,-0.09,9.79,2.337
m,-19.38,-23.69,-27.19,2.342
a,0.41,0.06,9.79,2.349
m,-19.50,-24.75,-27.25,2.355
a,0.37,0.02,9.79,2.364
a,0.37,0.02,9.79,2.371
a,0.37,-0.02,9.75,2.378
rv,0.27,-0.02,-0.00,-0.96,2.384
a,0.41,-0.05,9.79,2.389
a,0.37,-0.05,9.75,2.397
rv,0.27,-0.02,-0.00,-0.96,2.403
a,0.41,-0.09,9.79,2.408
rv,0.27,-0.02,-0.00,-0.96,2.415
a,0.41,-0.02,9.79,2.420
m,-19.31,-24.00,-26.00,2.426
m,-19.50,-24.75,-27.25,2.431
a,0.37,-0.05,9.79,2.438
rv,0.27,-0.02,-0.00,-0.96,2.445
a,0.33,-0.02,9.79,2.450
m,-19.06,-24.62,-26.00,2.456
a,0.37,-0.02,9.79,2.460
a,0.33,-0.05,9.79,2.468
rv,0.27,-0.02,-0.00,-0.96,2.476
a,0.33,-0.02,9.75,2.484
a,0.37,-0.05,9.79,2.492
a,0.37,0.02,9.79,2.500
a,0.37,0.02,9.75,2.507
rv,0.27,-0.02,-0.00,-0.96,2.512
a,0.37,0.02,9.79,2.518
rv,0.27,-0.02,-0.00,-0.96,2.525
a,0.37,-0.05,9.79,2.529
m,-19.06,-25.00,-25.62,2.535
a,0.41,-0.05,9.79,2.539
a,0.45,-0.05,9.79,2.547
g,0.00,-0.00,-0.02,2.551
a,0.37,-0.05,9.79,2.558
rv,0.27,-0.02,-0.00,-0.96,2.565
a,0.41,-0.05,9.75,2.570
m,-18.25,-23.50,-27.06,2.576
a,0.41,-0.02,9.75,2.580
a,0.37,-0.02,9.79,2.588
rv,0.27,-0.02,-0.00,-0.96,2.603
a,0.41,-0.02,9.75,2.614
a,0.37,-0.02,9.75,2.621
a,0.37,-0.02,9.79,2.628
m,-18.69,-24.62,-26.44,2.636
a,0.37,-0.02,9.75,2.641
rv,0.27,-0.02,-0.00,-0.96,2.647
m,-19.06,-24.94,-25.25,2.652
a,0.33,-0.02,9.79,2.659
m,-19.00,-24.31,-26.00,2.666
a,0.37,-0.05,9.79,2.670
m,-18.44,-25.62,-26.00,2.677
rv,0.27,-0.02,-0.00,-0.96,2.684
a,0.37,-0.05,9.79,2.689
m,-18.12,-23.81,-25.50,2.696
a,0.37,-0.05,9.75,2.699
a,0.37,-0.05,9.79,2.707
a,0.37,-0.02,9.83,2.710
m,-18.44,-23.12,-25.94,2.717
m,-18.56,-23.88,-26.00,2.727
rv,0.27,-0.02,-0.00,-0.96,2.736
a,0.37,-0.02,9.79,2.740
a,0.37,-0.05,9.79,2.749
m,-18.31,-24.50,-25.94,2.756
a,0.37,-0.05,9.79,2.760
a,0.37,-0.09,9.75,2.767
g,0.00,-0.01,-0.01,2.773
a,0.37,-0.09,9.75,2.778
rv,0.27,-0.02,-0.00,-0.96,2.785
a,0.37,-0.02,9.79,2.790
m,-18.62,-24.88,-25.25,2.797
rv,0.27,-0.02,-0.00,-0.96,2.804
a,0.37,-0.02,9.79,2.809
m,-18.00,-24.88,-26.38,2.816
a,0.41,-0.02,9.79,2.820
m,-18.75,-24.62,-26.81,2.828
rv,0.27,-0.02,-0.00,-0.96,2.835
a,0.41,-0.02,9.75,2.844
a,0.45,-0.05,9.79,2.851
a,0.41,-0.05,9.79,2.859
m,-17.94,-24.50,-26.31,2.867
m,-19.06,-24.31,-26.81,2.873
a,0.37,-0.02,9.79,2.879
a,0.41,-0.02,9.79,2.887
rv,0.27,-0.02,-0.00,-0.96,2.893
a,0.37,-0.05,9.79,2.898
m,-19.69,-24.06,-26.50,2.906
a,0.41,-0.09,9.75,2.910
a,0.37,-0.05,9.75,2.917
rv,0.27,-0.02,-0.00,-0.96,2.924
a,0.41,-0.05,9.79,2.929
m,-17.12,-24.38,-25.88,2.936
a,0.41,-0.02,9.75,2.941
m,-18.19,-23.50,-26.69,2.948
rv,0.26,-0.02,-0.00,-0.96,2.955
a,0.41,-0.02,9.79,2.964
a,0.41,-0.02,9.75,2.971
m,-19.12,-24.69,-26.81,2.979
m,-17.75,-23.75,-25.44,2.986
a,0.41,-0.02,9.79,2.990
a,0.41,-0.05,9.75,2.998
rv,0.26,-0.02,-0.00,-0.96,3.004
a,0.41,-0.02,9.79,3.008
rv,0.26,-0.02,-0.00,-0.96,3.016
m,-18.12,-23.44,-25.88,3.022
a,0.41,-0.02,9.79,3.029
rv,0.26,-0.02,-0.00,-0.96,3.035
a,0.37,-0.02,9.79,3.039
a,0.37,-0.05,9.79,3.047
m,-17.25,-24.75,-26.25,3.052
a,0.37,-0.02,9.79,3.059
rv,0.26,-0.02,-0.00,-0.96,3.066
a,0.41,-0.05,9.79,3.069
a,0.41,-0.05,9.79,3.077
g,0.00,-0.00,0.00,3.085
a,0.41,-0.05,9.79,3.092
a,0.41,-0.05,9.75,3.099
rv,0.26,-0.02,-0.00,-0.96,3.107
m,-18.75,-25.00,-26.44,3.112
a,0.37,-0.05,9.75,3.119
rv,0.26,-0.02,-0.00,-0.96,3.125
a,0.37,-0.05,9.83,3.130
m,-19.56,-25.06,-26.50,3.137
rv,0.26,-0.02,-0.00,-0.96,3.144
a,0.41,-0.05,9.79,3.148
rv,0.26,-0.02,-0.00,-0.96,3.154
a,0.37,-0.02,9.75,3.159
m,-18.81,-25.00,-26.81,3.167
g,0.00,0.00,0.00,3.172
a,0.41,-0.05,9.71,3.179
m,-18.69,-24.62,-26.44,3.185
a,0.41,-0.05,9.79,3.189
m,-18.69,-24.94,-25.62,3.200
m,-19.31,-24.81,-28.81,3.209
rv,0.27,-0.02,-0.00,-0.96,3.216
a,0.41,-0.05,9.83,3.221
a,0.41,-0.05,9.79,3.228
rv,0.27,-0.02,-0.00,-0.96,3.234
a,0.41,-0.02,9.75,3.239
m,-19.19,-25.69,-25.69,3.247
a,0.41,-0.05,9.79,3.250
a,0.41,-0.05,9.79,3.259
rv,0.27,-0.02,-0.00,-0.96,3.264
a,0.37,-0.02,9.79,3.269
a,0.41,-0.05,9.75,3.277
rv,0.27,-0.02,-0.00,-0.96,3.284
a,0.41,-0.02,9.79,3.289
m,-18.94,-25.69,-26.88,3.297
a,0.41,-0.05,9.75,3.300
a,0.41,-0.02,9.83,3.308
rv,0.27,-0.02,-0.00,-0.96,3.314
a,0.37,-0.05,9.79,3.325
a,0.37,-0.05,9.75,3.332
a,0.41,-0.05,9.79,3.340
a,0.37,-0.05,9.79,3.347
rv,0.27,-0.02,-0.00,-0.96,3.354
a,0.37,-0.02,9.79,3.358
rv,0.27,-0.02,-0.00,-0.96,3.364
a,0.41,-0.05,9.83,3.369
rv,0.27,-0.02,-0.00,-0.96,3.376
a,0.41,-0.05,9.79,3.380
a,0.41,-0.05,9.79,3.388
rv,0.27,-0.02,-0.00,-0.96,3.394
a,0.41,-0.05,9.79,3.399
m,-18.50,-23.88,-25.56,3.407
a,0.41,-0.05,9.71,3.410
a,0.41,-0.02,9.79,3.418
rv,0.27,-0.02,-0.00,-0.96,3.423
a,0.37,-0.05,9.79,3.428
rv,0.27,-0.02,-0.00,-0.96,3.439
m,-19.81,-25.56,-28.50,3.448
rv,0.27,-0.02,-0.00,-0.96,3.455
a,0.37,-0.02,9.75,3.459
m,-18.06,-23.44,-25.50,3.466
a,0.37,-0.05,9.79,3.471
m,-19.06,-24.31,-26.44,3.477
g,0.00,-0.00,0.00,3.482
a,0.37,-0.02,9.79,3.489
rv,0.27,-0.02,-0.00,-0.96,3.494
a,0.41,-0.02,9.79,3.499
m,-18.12,-23.81,-25.50,3.507
m,-17.62,-25.12,-25.94,3.512
a,0.41,-0.05,9.71,3.519
rv,0.27,-0.02,-0.00,-0.96,3.526
a,0.41,-0.02,9.75,3.529
a,0.41,-0.02,9.79,3.537
m,-19.06,-24.31,-26.81,3.543
a,0.41,-0.05,9.79,3.554
a,0.41,-0.02,9.79,3.561
a,0.37,-0.05,9.79,3.569
a,0.41,-0.02,9.79,3.577
m,-18.88,-25.38,-26.81,3.582
a,0.41,-0.02,9.79,3.588
rv,0.27,-0.02,-0.00,-0.96,3.596
a,0.41,-0.05,9.75,3.599
a,0.37,-0.05,9.75,3.607
rv,0.27,-0.02,-0.00,-0.96,3.613
a,0.41,-0.02,9.75,3.618
rv,0.27,-0.02,-0.00,-0.96,3.625
a,0.37,-0.02,9.79,3.630
a,0.41,-0.05,9.75,3.638
rv,0.27,-0.02,-0.00,-0.96,3.645
a,0.41,-0.05,9.79,3.650
m,-18.94,-24.25,-25.62,3.657
m,-19.06,-25.00,-25.62,3.664
a,0.41,-0.05,9.75,3.670
a,0.41,-0.02,9.79,3.682
a,0.41,-0.05,9.75,3.689
m,-18.44,-24.62,-27.12,3.698
rv,0.27,-0.02,-0.00,-0.96,3.705
a,0.37,-0.05,9.79,3.709
a,0.37,-0.02,9.75,3.718
g,0.00,0.00,0.01,3.722
a,0.37,-0.02,9.79,3.729
rv,0.27,-0.02,-0.00,-0.96,3.737
m,-18.81,-24.62,-27.19,3.743
a,0.37,-0.02,9.79,3.749
rv,0.27,-0.02,-0.00,-0.96,3.756
a,0.37,-0.05,9.79,3.759
a,0.37,-0.02,9.75,3.767
m,-18.62,-24.25,-26.00,3.772
a,0.41,-0.02,9.75,3.779
rv,0.27,-0.02,-0.00,-0.96,3.785
a,0.41,-0.05,9.75,3.790
a,0.41,-0.05,9.79,3.802
m,-18.44,-23.94,-28.31,3.810
m,-19.38,-24.31,-26.06,3.818
rv,0.27,-0.02,-0.00,-0.96,3.825
a,0.37,-0.05,9.79,3.830
m,-17.81,-23.75,-25.94,3.836
a,0.37,-0.02,9.79,3.841
m,-18.69,-24.62,-26.44,3.847
g,0.00,-0.01,0.00,3.852
a,0.37,-0.05,9.79,3.859
rv,0.27,-0.02,-0.00,-0.96,3.865
a,0.41,-0.05,9.79,3.870
a,0.37,-0.05,9.79,3.878
rv,0.27,-0.02,-0.00,-0.96,3.884
a,0.41,-0.02,9.75,3.889
rv,0.27,-0.02,-0.00,-0.96,3.895
a,0.41,-0.05,9.79,3.899
m,-19.06,-25.31,-24.88,3.906
a,0.41,-0.02,9.79,3.925
a,0.37,-0.05,9.75,3.938
a,0.37,-0.05,9.75,3.945
a,0.37,-0.02,9.75,3.952
m,-19.44,-25.00,-25.31,3.959
rv,0.27,-0.02,-0.00,-0.96,3.967
a,0.41,-0.05,9.79,3.970
a,0.41,-0.05,9.75,3.978
g,0.00,0.00,0.00,3.982
a,0.37,-0.02,9.79,3.988
rv,0.27,-0.02,-0.00,-0.96,3.996
a,0.37,-0.02,9.79,4.000
rv,0.27,-0.02,-0.00,-0.96,4.007
m,-18.44,-24.62,-27.12,4.012
a,0.41,-0.05,9.79,4.019
m,-18.69,-24.25,-26.38,4.026
a,0.37,-0.02,9.79,4.031
rv,0.27,-0.02,-0.00,-0.96,4.037
m,-18.38,-24.94,-26.38,4.042
a,0.41,-0.05,9.75,4.052
a,0.41,-0.05,9.79,4.060
a,0.37,-0.05,9.75,4.068
rv,0.27,-0.02,-0.00,-0.96,4.075
a,0.41,-0.05,9.79,4.080
m,-19.38,-25.00,-24.94,4.086
a,0.41,-0.05,9.79,4.090
a,0.41,-0.05,9.79,4.097
m,-17.81,-24.12,-25.50,4.102
rv,0.27,-0.02,-0.00,-0.96,4.107
m,-18.00,-25.19,-26.00,4.113
a,0.41,-0.05,9.79,4.120
m,-18.25,-24.19,-26.00,4.126
a,0.41,-0.05,9.79,4.130
a,0.41,-0.05,9.79,4.137
a,0.37,-0.05,9.75,4.141
m,-19.62,-25.44,-26.94,4.147
a,0.37,-0.05,9.75,4.151
a,0.41,-0.02,9.75,4.159
rv,0.27,-0.02,-0.00,-0.96,4.170
m,-19.56,-25.88,-29.31,4.178
rv,0.27,-0.02,-0.00,-0.96,4.186
a,0.37,-0.02,9.79,4.191
a,0.37,-0.05,9.75,4.198
rv,0.27,-0.02,-0.00,-0.96,4.204
a,0.41,-0.02,9.75,4.210
m,-18.62,-25.25,-24.50,4.216
a,0.37,-0.05,9.83,4.221
m,-18.50,-23.88,-25.56,4.228
rv,0.27,-0.02,-0.00,-0.96,4.235
a,0.41,-0.05,9.79,4.240
m,-17.38,-24.00,-25.06,4.247
a,0.41,-0.05,9.79,4.250
m,-19.56,-26.06,-25.00,4.259
rv,0.27,-0.02,-0.00,-0.96,4.265
a,0.41,-0.05,9.79,4.270
a,0.41,-0.05,9.75,4.277
g,0.00,0.00,-0.00,4.286
a,0.41,-0.05,9.79,4.293
a,0.41,-0.02,9.75,4.301
a,0.41,-0.05,9.79,4.308
rv,0.27,-0.02,-0.00,-0.96,4.314
a,0.41,-0.02,9.75,4.320
m,-17.81,-24.12,-25.50,4.326
a,0.41,-0.05,9.75,4.331
m,-19.44,-24.06,-27.19,4.337
a,0.41,-0.02,9.75,4.341
a,0.37,-0.05,9.79,4.349
rv,0.27,-0.02,-0.00,-0.96,4.355
a,0.37,-0.05,9.79,4.360
a,0.45,-0.05,9.75,4.367
a,0.37,-0.05,9.75,4.371
m,-18.69,-24.25,-26.38,4.377
a,0.37,-0.02,9.79,4.381
a,0.41,-0.02,9.79,4.388
m,-19.00,-24.00,-26.81,4.393
a,0.37,-0.05,9.79,4.403
m,-18.00,-24.88,-26.38,4.411
m,-18.31,-24.56,-26.38,4.419
rv,0.27,-0.02,-0.00,-0.96,4.426
a,0.37,-0.02,9.79,4.431
a,0.41,-0.02,9.79,4.438
rv,0.27,-0.02,-0.00,-0.96,4.446
a,0.41,-0.02,9.75,4.451
m,-18.06,-25.56,-26.00,4.457
a,0.41,-0.05,9.75,4.461
a,0.37,-0.02,9.79,4.469
rv,0.27,-0.02,-0.00,-0.96,4.475
a,0.41,-0.05,9.75,4.481
m,-18.38,-24.56,-26.75,4.487
m,-17.94,-24.50,-26.31,4.492
a,0.37,-0.02,9.75,4.499
rv,0.27,-0.02,-0.00,-0.96,4.506
a,0.41,-0.02,9.79,4.509
m,-18.25,-24.19,-26.38,4.520
m,-19.19,-24.38,-28.00,4.529
rv,0.27,-0.02,-0.00,-0.96,4.536
a,0.41,-0.05,9.79,4.540
a,0.41,-0.05,9.79,4.549
rv,0.27,-0.02,-0.00,-0.96,4.554
a,0.41,-0.05,9.79,4.560
m,-18.38,-24.94,-26.38,4.566
a,0.41,-0.02,9.79,4.570
a,0.41,-0.02,9.79,4.577
g,0.00,0.00,-0.00,4.581
a,0.41,-0.05,9.75,4.588
rv,0.27,-0.02,-0.00,-0.96,4.595
a,0.41,-0.05,9.79,4.600
rv,0.27,-0.02,-0.00,-0.96,4.607
a,0.41,-0.05,9.75,4.611
a,0.37,-0.05,9.79,4.618
rv,0.27,-0.02,-0.00,-0.96,4.625
a,0.41,-0.02,9.75,4.635
a,0.41,-0.02,9.79,4.643
a,0.41,-0.05,9.79,4.650
a,0.37,-0.05,9.79,4.658
rv,0.27,-0.02,-0.00,-0.96,4.664
a,0.37,-0.02,9.79,4.669
rv,0.27,-0.02,-0.00,-0.96,4.676
a,0.41,-0.02,9.79,4.680
a,0.37,-0.05,9.79,4.688
g,0.00,0.00,0.00,4.691
a,0.41,-0.05,9.79,4.698
rv,0.27,-0.02,-0.00,-0.96,4.704
a,0.41,-0.05,9.75,4.710
rv,0.27,-0.02,-0.00,-0.96,4.715
a,0.37,-0.05,9.79,4.720
m,-18.69,-24.62,-26.44,4.727
a,0.41,-0.05,9.79,4.730
a,0.37,-0.05,9.79,4.739
rv,0.27,-0.02,-0.00,-0.96,4.746
a,0.41,-0.05,9.79,4.755
a,0.37,-0.05,9.79,4.762
a,0.37,-0.05,9.75,4.770
a,0.41,-0.05,9.79,4.778
g,0.00,-0.00,0.00,4.782
m,-18.50,-25.31,-26.81,4.788
g,0.00,0.00,0.00,4.793
a,0.41,-0.05,9.75,4.800
m,-18.50,-25.31,-26.81,4.806
a,0.37,-0.05,9.79,4.810
m,-18.50,-25.62,-26.44,4.816
a,0.41,-0.05,9.83,4.821
m,-18.50,-23.88,-25.56,4.828
m,-18.75,-25.00,-26.44,4.834
a,0.41,-0.05,9.79,4.840
rv,0.27,-0.02,-0.00,-0.96,4.846
a,0.41,-0.05,9.79,4.851
a,0.37,-0.05,9.79,4.859
rv,0.27,-0.02,-0.00,-0.96,4.865
a,0.37,-0.05,9.79,4.875
a,0.41,-0.02,9.79,4.882
a,0.41,-0.05,9.79,4.890
m,-18.88,-25.38,-26.81,4.898
m,-18.94,-23.56,-26.38,4.903
a,0.41,-0.05,9.79,4.910
m,-18.19,-24.12,-25.56,4.917
a,0.37,-0.02,9.79,4.920
a,0.41,-0.05,9.79,4.928
m,-18.81,-25.00,-26.81,4.932
rv,0.27,-0.02,-0.00,-0.96,4.938
m,-18.31,-24.56,-26.38,4.944
a,0.41,-0.05,9.79,4.950
rv,0.27,-0.02,-0.00,-0.96,4.956
a,0.41,-0.05,9.79,4.961
a,0.41,-0.05,9.79,4.968
rv,0.27,-0.02,-0.00,-0.96,4.975
a,0.41,-0.05,9.75,4.980
rv,0.27,-0.02,-0.00,-0.96,4.990
rv,0.27,-0.02,-0.00,-0.96,4.997
a,0.41,-0.05,9.79,5.002
a,0.37,-0.05,9.79,5.010
m,-18.69,-24.25,-26.75,5.017
a,0.37,-0.05,9.79,5.021
a,0.41,-0.05,9.79,5.029
rv,0.27,-0.02,-0.00,-0.96,5.037
a,0.41,-0.02,9.79,5.040
rv,0.27,-0.02,-0.00,-0.96,5.048
m,-18.44,-24.62,-27.12,5.054
a,0.41,-0.05,9.79,5.060
m,-18.38,-25.25,-25.56,5.067
a,0.41,-0.02,9.79,5.070
a,0.37,-0.02,9.79,5.078
g,0.00,-0.00,0.00,5.082
m,-19.00,-24.00,-26.81,5.088
g,0.00,-0.00,0.00,5.093
a,0.41,-0.05,9.83,5.100
rv,0.27,-0.02,-0.00,-0.96,5.111
m,-18.69,-25.69,-28.06,5.119
rv,0.27,-0.02,-0.00,-0.96,5.127
a,0.41,-0.05,9.79,5.131
a,0.41,-0.05,9.79,5.139
rv,0.27,-0.02,-0.00,-0.96,5.145
a,0.41,-0.05,9.79,5.150
m,-18.62,-23.88,-26.38,5.157
a,0.41,-0.02,9.79,5.162
m,-17.62,-25.50,-25.50,5.169
rv,0.27,-0.02,-0.00,-0.96,5.175
a,0.41,-0.05,9.83,5.180
m,-19.06,-25.31,-24.88,5.188
a,0.41,-0.05,9.79,5.192
m,-19.62,-25.44,-26.56,5.199
rv,0.27,-0.02,-0.00,-0.96,5.206
a,0.37,-0.02,9.79,5.211
a,0.37,-0.05,9.79,5.218
g,0.00,0.00,-0.00,5.226
a,0.41,-0.05,9.79,5.233
m,-18.38,-24.25,-27.56,5.240
rv,0.27,-0.02,-0.00,-0.96,5.247
a,0.37,-0.05,9.75,5.251
a,0.41,-0.05,9.79,5.259
m,-18.75,-24.31,-27.25,5.266
a,0.41,-0.05,9.75,5.271
rv,0.27,-0.02,-0.00,-0.96,5.277
a,0.37,-0.02,9.79,5.281
a,0.37,-0.02,9.79,5.289
rv,0.27,-0.02,-0.00,-0.96,5.296
a,0.37,-0.05,9.79,5.300
m,-18.56,-24.50,-24.81,5.307
a,0.37,-0.05,9.75,5.312
rv,0.27,-0.02,-0.00,-0.96,5.319
m,-19.38,-24.69,-25.75,5.324
a,0.37,-0.05,9.79,5.330
rv,0.27,-0.02,-0.00,-0.96,5.340
rv,0.27,-0.02,-0.00,-0.96,5.349
rv,0.27,-0.02,-0.00,-0.96,5.357
a,0.41,-0.02,9.75,5.362
a,0.37,-0.02,9.75,5.369
rv,0.27,-0.02,-0.00,-0.96,5.376
a,0.41,-0.05,9.79,5.380
rv,0.27,-0.02,-0.00,-0.96,5.388
m,-17.69,-24.81,-26.69,5.393
a,0.37,-0.05,9.75,5.400
rv,0.27,-0.02,-0.00,-0.96,5.407
a,0.37,-0.05,9.79,5.410
a,0.41,-0.05,9.79,5.418
m,-18.69,-24.25,-26.75,5.423
rv,0.27,-0.02,-0.00,-0.96,5.428
m,-19.06,-24.62,-26.06,5.434
a,0.41,-0.09,9.79,5.440
m,-18.25,-24.88,-25.19,5.447
a,0.41,-0.02,9.79,5.455
a,0.41,-0.05,9.79,5.463
a,0.41,-0.05,9.79,5.471
a,0.41,-0.05,9.75,5.478
g,0.00,0.00,0.00,5.482
a,0.41,-0.05,9.75,5.488
g,0.00,0.00,0.00,5.492
a,0.41,-0.05,9.75,5.498
g,-0.00,0.00,0.00,5.503
a,0.41,-0.05,9.79,5.510
rv,0.27,-0.02,-0.00,-0.96,5.516
a,0.41,-0.02,9.79,5.521
rv,0.27,-0.02,-0.00,-0.96,5.526
a,0.41,-0.02,9.79,5.531
m,-18.88,-23.88,-25.56,5.539
rv,0.27,-0.02,-0.00,-0.96,5.546
a,0.37,-0.02,9.75,5.551
a,0.41,-0.05,9.75,5.559
rv,0.27,-0.02,-0.00,-0.96,5.564
a,0.41,-0.02,9.79,5.574
a,0.37,-0.02,9.79,5.582
a,0.41,-0.05,9.79,5.590
rv,0.27,-0.02,-0.00,-0.96,5.597
a,0.41,-0.05,9.79,5.601
a,0.41,-0.05,9.79,5.609
rv,0.27,-0.02,-0.00,-0.96,5.617
a,0.41,-0.02,9.75,5.620
rv,0.27,-0.02,-0.00,-0.96,5.627
a,0.41,-0.05,9.79,5.631
a,0.37,-0.05,9.75,5.638
g,0.00,-0.00,0.00,5.642
a,0.37,-0.02,9.75,5.649
g,0.00,0.00,0.00,5.654
a,0.41,-0.02,9.79,5.660
rv,0.27,-0.02,-0.00,-0.96,5.666
a,0.37,-0.05,9.75,5.671
a,0.37,-0.05,9.79,5.679
rv,0.27,-0.02,-0.00,-0.96,5.686
a,0.37,-0.02,9.79,5.695
a,0.37,-0.05,9.75,5.703
a,0.41,-0.05,9.79,5.710
m,-17.50,-24.06,-26.25,5.717
a,0.41,-0.02,9.75,5.722
m,-19.12,-25.00,-26.06,5.728
a,0.41,-0.05,9.79,5.732
a,0.37,-0.05,9.79,5.739
g,0.00,0.00,0.00,5.745
a,0.37,-0.02,9.75,5.750
rv,0.27,-0.02,-0.00,-0.96,5.756
a,0.37,-0.02,9.79,5.762
m,-17.88,-24.12,-25.94,5.768
a,0.37,-0.05,9.79,5.772
a,0.41,-0.02,9.75,5.780
rv,0.27,-0.02,-0.00,-0.96,5.785
a,0.37,-0.05,9.79,5.791
m,-18.31,-24.56,-26.00,5.797
a,0.37,-0.05,9.75,5.818
a,0.41,-0.05,9.75,5.830
rv,0.27,-0.02,-0.00,-0.96,5.841
m,-19.81,-24.75,-25.75,5.851
m,-19.81,-24.75,-25.75,5.859
rv,0.27,-0.02,-0.00,-0.96,5.867
a,0.37,-0.05,9.79,5.872
rv,0.27,-0.02,-0.00,-0.96,5.879
m,-18.75,-24.31,-27.25,5.884
a,0.37,-0.05,9.79,5.891
a,0.41,-0.05,9.79,5.899
g,0.00,0.00,0.00,5.902
a,0.41,-0.02,9.79,5.909
rv,0.27,-0.02,-0.00,-0.96,5.916
a,0.37,-0.05,9.75,5.921
m,-18.75,-24.94,-26.06,5.927
a,0.37,-0.05,9.79,5.931
a,0.41,-0.05,9.79,5.939
g,0.00,0.00,-0.00,5.942
a,0.41,-0.02,9.75,5.952
m,-18.31,-24.19,-26.75,5.960
rv,0.27,-0.02,-0.00,-0.96,5.967
a,0.41,-0.05,9.79,5.971
a,0.41,-0.05,9.75,5.980
rv,0.27,-0.02,-0.00,-0.96,5.986
a,0.37,-0.05,9.79,5.992
m,-18.81,-24.31,-27.62,5.999
m,-18.31,-24.88,-25.62,6.004
a,0.41,-0.05,9.79,6.010
a,0.37,-0.05,9.79,6.018
a,0.37,-0.02,9.79,6.022
m,-19.19,-25.06,-26.88,6.028
m,-18.69,-23.94,-27.19,6.033
a,0.41,-0.05,9.79,6.040
rv,0.27,-0.02,-0.00,-0.96,6.046
a,0.41,-0.02,9.79,6.050
rv,0.27,-0.02,-0.00,-0.96,6.056
a,0.41,-0.02,9.75,6.067
a,0.41,-0.02,9.79,6.074
a,0.37,-0.02,9.79,6.081
a,0.37,-0.05,9.75,6.089
g,-0.00,-0.00,0.00,6.092
a,0.37,-0.05,9.79,6.099
m,-18.62,-24.56,-25.62,6.104
a,0.41,-0.05,9.79,6.111
m,-19.81,-24.75,-25.75,6.118
a,0.41,-0.05,9.75,6.121
a,0.37,-0.05,9.75,6.129
g,0.00,0.00,0.00,6.132
a,0.37,-0.02,9.75,6.139
g,0.00,0.00,0.00,6.143
a,0.37,-0.02,9.75,6.150
rv,0.27,-0.02,-0.00,-0.96,6.156
a,0.37,-0.02,9.75,6.161
m,-18.56,-24.56,-25.19,6.168
a,0.37,-0.05,9.79,6.172
m,-18.75,-24.94,-26.06,6.179
g,0.00,0.00,0.00,6.188
m,-19.12,-24.06,-28.00,6.195
a,0.41,-0.05,9.79,6.201
m,-18.44,-24.12,-24.44,6.208
a,0.37,-0.05,9.75,6.212
m,-19.50,-25.06,-26.12,6.219
rv,0.27,-0.02,-0.00,-0.96,6.226
a,0.41,-0.05,9.79,6.231
rv,0.27,-0.02,-0.00,-0.96,6.237
a,0.41,-0.05,9.79,6.241
a,0.41,-0.05,9.75,6.250
rv,0.27,-0.02,-0.00,-0.96,6.256
a,0.37,-0.05,9.75,6.261
a,0.41,-0.02,9.79,6.269
m,-18.81,-24.69,-27.62,6.272
a,0.41,-0.05,9.79,6.280
rv,0.27,-0.02,-0.00,-0.96,6.285
a,0.37,-0.05,9.79,6.291
m,-17.81,-24.12,-25.56,6.301
m,-18.56,-24.69,-28.38,6.310
rv,0.27,-0.02,-0.00,-0.96,6.317
a,0.41,-0.05,9.79,6.323
m,-18.50,-23.88,-25.62,6.329
g,0.00,0.00,0.00,6.335
a,0.37,-0.02,9.79,6.340
rv,0.27,-0.02,-0.00,-0.96,6.347
a,0.41,-0.05,9.75,6.351
g,0.00,0.00,0.00,6.355
a,0.41,-0.02,9.75,6.361
m,-18.25,-24.50,-25.62,6.368
a,0.41,-0.05,9.75,6.372
a,0.41,-0.05,9.79,6.380
rv,0.27,-0.02,-0.00,-0.96,6.386
a,0.37,-0.05,9.79,6.391
m,-18.31,-24.56,-26.38,6.399
a,0.41,-0.05,9.79,6.404
a,0.37,-0.02,9.79,6.412
a,0.41,-0.02,9.79,6.423
a,0.41,-0.05,9.75,6.431
a,0.37,-0.05,9.79,6.437
a,0.37,-0.05,9.79,6.442
m,-18.38,-24.94,-26.38,6.449
g,0.00,0.00,0.00,6.453
a,0.41,-0.05,9.79,6.460
rv,0.27,-0.02,-0.00,-0.96,6.465
a,0.37,-0.05,9.79,6.470
rv,0.27,-0.02,-0.00,-0.96,6.477
a,0.41,-0.05,9.79,6.482
m,-18.06,-24.88,-26.75,6.490
rv,0.27,-0.02,-0.00,-0.96,6.497
a,0.41,-0.05,9.75,6.502
a,0.41,-0.05,9.75,6.510
rv,0.27,-0.02,-0.00,-0.96,6.518
a,0.41,-0.05,9.75,6.523
a,0.41,-0.05,9.75,6.530
rv,0.27,-0.02,-0.00,-0.96,6.541
m,-19.38,-25.12,-28.88,6.550
rv,0.27,-0.02,-0.00,-0.96,6.558
a,0.37,-0.02,9.79,6.562
a,0.37,-0.02,9.79,6.570
g,0.00,0.00,0.00,6.575
a,0.41,-0.02,9.79,6.580
rv,0.27,-0.02,-0.00,-0.96,6.586
a,0.41,-0.05,9.79,6.592
m,-19.12,-25.00,-26.06,6.599
a,0.37,-0.05,9.75,6.603
a,0.41,-0.05,9.79,6.611
m,-18.31,-24.56,-26.38,6.618
a,0.41,-0.02,9.79,6.623
m,-19.38,-24.69,-25.75,6.629
rv,0.27,-0.02,-0.00,-0.96,6.637
a,0.41,-0.05,9.75,6.642
a,0.41,-0.05,9.79,6.649
g,0.00,0.00,0.00,6.653
a,0.41,-0.05,9.83,6.663
m,-19.12,-24.38,-27.25,6.672
rv,0.27,-0.02,-0.00,-0.96,6.679
m,-18.12,-23.44,-25.94,6.685
a,0.37,-0.05,9.79,6.691
m,-18.12,-24.12,-25.12,6.698
a,0.41,-0.02,9.83,6.703
m,-19.12,-24.69,-26.81,6.710
rv,0.27,-0.02,-0.00,-0.96,6.716
a,0.41,-0.02,9.79,6.721
m,-18.94,-24.25,-25.25,6.729
a,0.37,-0.02,9.79,6.732
m,-17.12,-24.38,-25.50,6.740
rv,0.27,-0.02,-0.00,-0.96,6.748
a,0.41,-0.05,9.79,6.752
a,0.41,-0.05,9.75,6.760
rv,0.27,-0.02,-0.00,-0.96,6.767
a,0.41,-0.05,9.79,6.771
rv,0.27,-0.02,-0.00,-0.96,6.783
m,-18.94,-25.06,-28.00,6.791
m,-18.25,-23.88,-26.69,6.799
a,0.41,-0.05,9.79,6.802
a,0.41,-0.05,9.79,6.811
rv,0.27,-0.02,-0.00,-0.96,6.818
a,0.41,-0.05,9.75,6.823
a,0.41,-0.05,9.79,6.831
m,-18.50,-25.31,-26.81,6.838
a,0.41,-0.05,9.79,6.842
a,0.41,-0.05,9.75,6.849
a,0.41,-0.05,9.79,6.853
m,-19.06,-24.62,-26.06,6.859
rv,0.27,-0.02,-0.00,-0.96,6.866
a,0.41,-0.05,9.79,6.870
rv,0.27,-0.02,-0.00,-0.96,6.876
a,0.41,-0.05,9.79,6.880
rv,0.27,-0.02,-0.00,-0.96,6.886
a,0.41,-0.05,9.75,6.897
a,0.41,-0.05,9.79,6.904
a,0.41,-0.05,9.79,6.911
m,-18.12,-25.25,-26.75,6.918
a,0.41,-0.02,9.79,6.922
a,0.37,-0.05,9.79,6.929
g,0.00,0.00,0.00,6.933
a,0.41,-0.05,9.79,6.940
rv,0.27,-0.02,-0.00,-0.96,6.947
a,0.41,-0.05,9.75,6.952
a,0.41,-0.02,9.79,6.959
a,0.37,-0.05,9.79,6.963
m,-18.62,-24.56,-25.62,6.969
m,-18.50,-25.00,-27.62,6.975
a,0.41,-0.02,9.79,6.981
a,0.41,-0.05,9.79,6.989
g,0.00,0.00,0.00,6.992
a,0.41,-0.05,9.79,6.999
rv,0.27,-0.02,-0.00,-0.96,7.006
a,0.37,-0.05,9.79,7.015
a,0.41,-0.02,9.75,7.023
a,0.41,-0.05,9.75,7.031
rv,0.27,-0.02,-0.00,-0.96,7.037
a,0.41,-0.02,9.75,7.043
m,-18.25,-24.19,-26.38,7.050
g,0.00,0.00,0.00,7.055
a,0.41,-0.05,9.79,7.061
rv,0.27,-0.02,-0.00,-0.96,7.067
a,0.41,-0.05,9.79,7.072
m,-19.81,-24.75,-26.12,7.080
rv,0.27,-0.02,-0.00,-0.96,7.087
a,0.41,-0.05,9.79,7.092
a,0.41,-0.02,9.79,7.099
g,0.00,0.00,0.00,7.103
a,0.41,-0.02,9.75,7.109
rv,0.27,-0.02,-0.00,-0.96,7.116
a,0.41,-0.05,9.79,7.121
m,-18.62,-24.56,-25.62,7.128
a,0.37,-0.02,9.75,7.136
a,0.41,-0.02,9.79,7.143
a,0.37,-0.05,9.79,7.151
rv,0.27,-0.02,-0.00,-0.96,7.157
a,0.41,-0.05,9.79,7.162
m,-19.19,-25.00,-26.50,7.168
a,0.37,-0.02,9.79,7.172
a,0.41,-0.05,9.79,7.180
rv,0.27,-0.02,-0.00,-0.96,7.187
a,0.37,-0.05,9.79,7.192
rv,0.27,-0.02,-0.00,-0.96,7.199
a,0.41,-0.05,9.75,7.202
a,0.37,-0.05,9.79,7.210
m,-18.56,-23.56,-26.75,7.214
a,0.41,-0.05,9.75,7.221
rv,0.27,-0.02,-0.00,-0.96,7.227
a,0.37,-0.02,9.79,7.233
m,-18.75,-24.94,-26.06,7.239
a,0.41,-0.05,9.75,7.243
a,0.41,-0.02,9.79,7.254
a,0.41,-0.05,9.75,7.262
m,-19.19,-25.06,-26.88,7.270
rv,0.27,-0.02,-0.00,-0.96,7.277
a,0.37,-0.05,9.79,7.282
a,0.37,-0.05,9.79,7.289
g,0.00,0.00,0.00,7.293
a,0.37,-0.05,9.79,7.300
rv,0.27,-0.02,-0.00,-0.96,7.306
m,-19.06,-24.31,-26.44,7.310
rv,0.27,-0.02,-0.00,-0.96,7.317
a,0.41,-0.05,9.79,7.322
a,0.41,-0.02,9.75,7.330
rv,0.27,-0.02,-0.00,-0.96,7.336
a,0.37,-0.05,9.79,7.343
m,-18.62,-24.88,-25.25,7.349
a,0.41,-0.02,9.79,7.353
m,-18.44,-24.94,-26.75,7.359
a,0.41,-0.05,9.79,7.368
a,0.41,-0.05,9.79,7.375
a,0.37,-0.05,9.79,7.383
m,-19.06,-24.62,-26.06,7.391
rv,0.27,-0.02,-0.00,-0.96,7.398
a,0.37,-0.02,9.79,7.402
a,0.41,-0.05,9.79,7.410
rv,0.27,-0.02,-0.00,-0.96,7.417
a,0.41,-0.02,9.75,7.422
rv,0.27,-0.02,-0.00,-0.96,7.428
a,0.41,-0.05,9.79,7.432
a,0.41,-0.02,9.79,7.439
g,0.00,0.00,0.00,7.443
a,0.37,-0.05,9.75,7.449
m,-17.81,-24.44,-25.12,7.454
rv,0.27,-0.02,-0.00,-0.96,7.460
g,0.00,0.00,0.00,7.466
a,0.41,-0.05,9.75,7.471
m,-19.44,-24.69,-26.12,7.478
a,0.37,-0.05,9.79,7.487
a,0.41,-0.05,9.79,7.495
a,0.41,-0.02,9.75,7.502
a,0.37,-0.05,9.75,7.511
rv,0.27,-0.02,-0.00,-0.96,7.517
a,0.41,-0.05,9.79,7.522
m,-18.69,-24.62,-26.44,7.529
a,0.41,-0.02,9.75,7.534
a,0.41,-0.05,9.75,7.542
a,0.41,-0.05,9.79,7.549
g,0.00,0.00,0.00,7.553
a,0.41,-0.05,9.79,7.560
rv,0.27,-0.02,-0.00,-0.96,7.568
a,0.37,-0.05,9.79,7.573
m,-18.25,-24.50,-25.62,7.580
a,0.41,-0.05,9.79,7.583
a,0.41,-0.05,9.79,7.591
m,-18.25,-24.19,-26.00,7.598
a,0.37,-0.05,9.79,7.603
rv,0.27,-0.02,-0.00,-0.96,7.613
a,0.41,-0.05,9.79,7.622
a,0.41,-0.05,9.79,7.629
g,-0.00,-0.00,0.00,7.633
a,0.41,-0.02,9.79,7.640
rv,0.27,-0.02,-0.00,-0.96,7.648
a,0.41,-0.05,9.75,7.652
m,-17.88,-24.12,-26.31,7.660
m,-18.12,-23.44,-25.94,7.665
a,0.41,-0.05,9.79,7.671
m,-17.56,-24.44,-26.31,7.679
a,0.37,-0.05,9.83,7.683
m,-19.06,-24.62,-26.06,7.690
m,-18.00,-24.88,-26.38,7.696
a,0.37,-0.05,9.75,7.702
m,-18.75,-24.62,-26.81,7.709
a,0.41,-0.05,9.75,7.713
m,-18.81,-25.00,-26.81,7.721
rv,0.27,-0.02,-0.00,-0.96,7.742
m,-19.38,-24.81,-28.88,7.755
m,-19.62,-25.12,-27.31,7.764
a,0.41,-0.02,9.79,7.773
a,0.37,-0.02,9.79,7.781
rv,0.27,-0.02,-0.00,-0.96,7.787
a,0.41,-0.05,9.79,7.792
m,-19.00,-24.62,-25.69,7.800
a,0.41,-0.05,9.79,7.804
a,0.41,-0.05,9.79,7.812
rv,0.27,-0.02,-0.00,-0.96,7.819
a,0.41,-0.05,9.79,7.823
a,0.37,-0.05,9.79,7.830
m,-18.19,-23.81,-25.94,7.836
a,0.41,-0.05,9.75,7.842
m,-19.19,-25.69,-25.75,7.850
a,0.41,-0.05,9.79,7.853
a,0.41,-0.02,9.79,7.861
rv,0.27,-0.02,-0.00,-0.96,7.867
a,0.41,-0.05,9.75,7.877
a,0.41,-0.05,9.79,7.884
a,0.41,-0.05,9.75,7.892
m,-18.50,-23.50,-25.56,7.898
a,0.41,-0.02,9.79,7.903
m,-19.06,-24.31,-26.44,7.910
m,-18.38,-24.88,-26.00,7.915
a,0.41,-0.05,9.75,7.922
rv,0.27,-0.02,-0.00,-0.96,7.928
a,0.41,-0.05,9.79,7.932
a,0.37,-0.02,9.79,7.940
g,0.00,-0.00,0.00,7.946
rv,0.27,-0.02,-0.00,-0.96,7.950
rv,0.27,-0.02,-0.00,-0.96,7.956
a,0.41,-0.02,9.79,7.961
rv,0.27,-0.02,-0.00,-0.96,7.967
a,0.41,-0.05,9.75,7.972
m,-18.69,-24.56,-26.00,7.979
a,0.41,-0.05,9.79,7.988
a,0.37,-0.05,9.75,7.995
a,0.41,-0.02,9.79,8.002
a,0.37,-0.05,9.79,8.010
rv,0.27,-0.02,-0.00,-0.96,8.016
a,0.41,-0.02,9.75,8.021
rv,0.27,-0.02,-0.00,-0.96,8.028
a,0.37,-0.02,9.79,8.032
a,0.37,-0.02,9.83,8.041
rv,0.27,-0.02,-0.00,-0.96,8.047
a,0.41,-0.02,9.79,8.052
m,-18.94,-25.69,-26.88,8.060
a,0.37,-0.05,9.75,8.064
a,0.41,-0.05,9.79,8.071
rv,0.27,-0.02,-0.00,-0.96,8.077
a,0.41,-0.02,9.79,8.082
rv,0.27,-0.02,-0.00,-0.96,8.088
a,0.41,-0.09,9.75,8.094
m,-18.19,-24.50,-25.19,8.100
m,-19.62,-25.75,-26.19,8.109
a,0.41,-0.05,9.71,8.115
a,0.37,-0.02,9.75,8.123
a,0.41,-0.02,9.79,8.131
rv,0.27,-0.02,-0.00,-0.96,8.139
a,0.37,-0.02,9.79,8.143
a,0.41,-0.05,9.67,8.151
m,-18.38,-24.56,-26.75,8.155
a,0.41,-0.02,9.87,8.162
m,-18.81,-24.62,-27.25,8.169
a,0.41,-0.02,9.83,8.174
rv,0.27,-0.02,-0.00,-0.96,8.181
m,-18.31,-24.56,-26.00,8.185
a,0.41,-0.02,9.79,8.192
rv,0.27,-0.02,-0.00,-0.96,8.199
a,0.45,-0.05,9.79,8.203
rv,0.27,-0.02,-0.00,-0.96,8.211
m,-18.75,-25.31,-25.69,8.217
a,0.41,-0.02,9.75,8.228
a,0.41,-0.05,9.83,8.235
a,0.41,-0.02,9.79,8.243
rv,0.27,-0.02,-0.00,-0.96,8.251
m,-18.25,-23.81,-26.31,8.256
a,0.41,-0.05,9.79,8.262
m,-17.06,-24.00,-25.50,8.270
a,0.41,-0.02,9.79,8.273
a,0.41,-0.05,9.79,8.282
rv,0.27,-0.02,-0.00,-0.96,8.289
a,0.41,-0.02,9.75,8.294
a,0.41,-0.02,9.79,8.301
rv,0.27,-0.02,-0.00,-0.96,8.308
a,0.45,-0.02,9.79,8.312
m,-17.94,-24.50,-26.31,8.319
a,0.45,-0.02,9.75,8.324
rv,0.27,-0.02,-0.00,-0.96,8.330
m,-18.62,-24.25,-26.00,8.336
a,0.41,-0.02,9.75,8.346
a,0.41,-0.05,9.75,8.353
m,-18.69,-25.25,-25.31,8.361
rv,0.27,-0.02,-0.00,-0.96,8.368
a,0.41,-0.05,9.75,8.372
a,0.41,-0.02,9.75,8.381
g,0.00,-0.00,-0.00,8.384
a,0.41,-0.05,9.79,8.391
rv,0.27,-0.02,-0.00,-0.96,8.398
a,0.41,-0.05,9.75,8.402
m,-19.19,-25.69,-25.75,8.409
a,0.41,-0.02,9.79,8.413
a,0.41,-0.05,9.79,8.420
g,0.00,0.00,0.00,8.425
a,0.41,-0.05,9.75,8.432
rv,0.27,-0.02,-0.00,-0.96,8.439
a,0.41,-0.05,9.79,8.444
a,0.37,-0.05,9.79,8.452
rv,0.27,-0.02,-0.00,-0.96,8.459
a,0.41,-0.05,9.79,8.468
a,0.41,-0.05,9.75,8.476
a,0.41,-0.05,9.75,8.484
a,0.41,-0.05,9.79,8.491
rv,0.27,-0.02,-0.00,-0.96,8.497
a,0.41,-0.05,9.75,8.502
m,-18.81,-25.31,-26.06,8.510
a,0.41,-0.05,9.79,8.514
m,-18.69,-24.56,-26.00,8.520
g,-0.00,0.00,-0.00,8.525
a,0.41,-0.05,9.79,8.532
rv,0.27,-0.02,-0.00,-0.96,8.538
a,0.37,-0.02,9.75,8.544
m,-17.56,-24.12,-26.75,8.550
m,-18.69,-24.94,-25.69,8.556
a,0.37,-0.02,9.83,8.562
a,0.37,-0.05,9.75,8.570
g,0.00,0.00,0.00,8.573
a,0.37,-0.05,9.75,8.581
rv,0.27,-0.02,-0.00,-0.96,8.592
rv,0.27,-0.02,-0.00,-0.96,8.599
a,0.41,-0.02,9.79,8.604
a,0.37,-0.05,9.87,8.612
a,0.37,-0.05,9.79,8.619
a,0.37,-0.05,9.75,8.623
rv,0.27,-0.02,-0.00,-0.96,8.629
a,0.37,-0.05,9.79,8.633
a,0.37,-0.05,9.75,8.641
m,-19.19,-25.00,-26.50,8.644
a,0.37,-0.05,9.79,8.652
m,-19.25,-24.75,-28.06,8.659
a,0.41,-0.02,9.75,8.664
rv,0.27,-0.02,-0.00,-0.96,8.671
g,0.00,-0.00,0.00,8.677
a,0.41,-0.05,9.71,8.682
a,0.37,-0.05,9.83,8.690
a,0.37,-0.05,9.79,8.693
m,-18.56,-23.88,-26.00,8.700
m,-18.69,-24.62,-26.44,8.710
a,0.37,-0.05,9.79,8.716
a,0.37,-0.05,9.79,8.723
a,0.37,-0.05,9.75,8.731
rv,0.27,-0.02,-0.00,-0.96,8.740
a,0.41,-0.05,9.79,8.743
a,0.37,-0.05,9.79,8.752
rv,0.27,-0.02,-0.00,-0.96,8.758
a,0.37,-0.09,9.79,8.762
m,-18.75,-25.31,-25.69,8.769
a,0.37,-0.05,9.79,8.773
rv,0.27,-0.02,-0.00,-0.96,8.780
a,0.37,-0.05,9.79,8.783
a,0.37,-0.02,9.71,8.792
rv,0.27,-0.02,-0.00,-0.96,8.799
a,0.37,-0.02,9.83,8.803
a,0.37,-0.02,9.75,8.810
m,-18.69,-23.62,-27.56,8.816
a,0.37,0.02,9.75,8.826
a,0.41,-0.02,9.71,8.833
a,0.37,-0.02,9.83,8.842
rv,0.27,-0.02,-0.00,-0.96,8.848
a,0.37,-0.02,9.79,8.853
rv,0.27,-0.02,-0.00,-0.96,8.860
m,-18.19,-24.50,-25.19,8.865
a,0.37,-0.02,9.75,8.871
rv,0.27,-0.02,-0.00,-0.96,8.878
a,0.41,-0.05,9.79,8.882
rv,0.27,-0.02,-0.00,-0.96,8.891
m,-18.75,-24.62,-26.81,8.896
a,0.37,-0.05,9.75,8.903
m,-19.50,-24.38,-26.94,8.909
a,0.37,-0.05,9.79,8.913
a,0.37,-0.09,9.79,8.920
g,-0.00,0.00,-0.02,8.925
a,0.37,-0.09,9.79,8.932
rv,0.27,-0.02,-0.00,-0.96,8.938
a,0.37,-0.05,9.79,8.947
a,0.37,-0.02,9.79,8.955
a,0.37,-0.02,9.79,8.962
m,-18.56,-23.88,-26.00,8.970
a,0.37,-0.02,9.71,8.974
a,0.37,-0.02,9.79,8.981
rv,0.27,-0.02,-0.00,-0.96,8.986
a,0.37,-0.05,9.79,8.991
rv,0.26,-0.02,-0.00,-0.96,8.998
a,0.37,-0.05,9.79,9.003
m,-17.94,-24.81,-26.00,9.010
m,-18.38,-24.88,-26.00,9.015
a,0.37,-0.05,9.79,9.022
rv,0.26,-0.02,-0.00,-0.96,9.028
a,0.37,-0.02,9.75,9.033
m,-18.50,-23.81,-25.25,9.040
a,0.37,-0.02,9.79,9.044
a,0.37,-0.05,9.79,9.051
rv,0.26,-0.02,-0.00,-0.96,9.061
rv,0.26,-0.02,-0.00,-0.96,9.069
a,0.37,-0.05,9.79,9.074
m,-19.12,-25.31,-25.38,9.081
rv,0.26,-0.02,-0.00,-0.96,9.089
a,0.37,-0.02,9.79,9.093
a,0.37,-0.02,9.75,9.100
g,0.00,-0.00,0.01,9.103
a,0.37,-0.02,9.79,9.110
m,-18.69,-24.62,-26.44,9.115
rv,0.26,-0.02,-0.00,-0.96,9.121
m,-17.94,-24.50,-26.31,9.125
a,0.41,-0.02,9.79,9.132
rv,0.26,-0.02,-0.00,-0.96,9.139
a,0.37,-0.05,9.79,9.143
a,0.37,-0.05,9.75,9.150
m,-18.19,-24.50,-25.25,9.156
a,0.37,-0.05,9.75,9.162
rv,0.26,-0.02,-0.00,-0.96,9.173
m,-18.56,-24.69,-28.44,9.181
g,0.00,0.00,0.00,9.187
a,0.41,-0.05,9.79,9.193
m,-18.75,-24.94,-26.06,9.200
a,0.41,-0.02,9.79,9.204
a,0.37,-0.02,9.75,9.211
rv,0.27,-0.02,-0.00,-0.96,9.216
a,0.37,-0.02,9.75,9.221
rv,0.27,-0.02,-0.00,-0.96,9.229
a,0.37,-0.02,9.79,9.233
a,0.33,-0.02,9.79,9.241
rv,0.27,-0.02,-0.00,-0.96,9.246
a,0.37,-0.05,9.79,9.251
rv,0.27,-0.02,-0.00,-0.96,9.257
a,0.37,-0.05,9.79,9.262
rv,0.27,-0.02,-0.00,-0.96,9.269
a,0.33,-0.05,9.79,9.274
a,0.37,-0.05,9.79,9.285
a,0.37,-0.05,9.75,9.293
m,-18.38,-24.88,-26.00,9.301
rv,0.27,-0.02,-0.00,-0.96,9.309
a,0.37,-0.05,9.79,9.313
a,0.37,-0.02,9.79,9.321
g,0.00,-0.01,0.00,9.325
a,0.37,-0.05,9.75,9.331
rv,0.27,-0.02,-0.00,-0.96,9.339
a,0.37,-0.05,9.75,9.344
rv,0.27,-0.02,-0.00,-0.96,9.350
m,-18.94,-24.25,-25.69,9.355
a,0.37,0.02,9.79,9.362
rv,0.27,-0.02,-0.00,-0.96,9.368
a,0.33,0.06,9.79,9.374
m,-18.69,-24.56,-26.00,9.380
a,0.37,-0.05,9.79,9.384
a,0.37,-0.09,9.79,9.392
rv,0.27,-0.02,-0.00,-0.96,9.399
a,0.37,-0.09,9.79,9.409
a,0.41,-0.13,9.83,9.417
a,0.41,-0.13,9.79,9.424
a,0.37,-0.09,9.79,9.432
rv,0.27,-0.02,-0.00,-0.96,9.438
a,0.41,-0.05,9.79,9.443
m,-17.75,-23.75,-25.50,9.451
rv,0.27,-0.02,-0.00,-0.96,9.459
a,0.37,-0.05,9.83,9.464
a,0.37,-0.05,9.75,9.472
rv,0.27,-0.02,-0.00,-0.96,9.478
a,0.37,-0.05,9.75,9.483
m,-18.19,-24.12,-25.56,9.491
a,0.37,-0.05,9.79,9.494
a,0.37,-0.05,9.79,9.502
rv,0.27,-0.02,-0.00,-0.96,9.508
a,0.37,-0.02,9.79,9.513
a,0.37,-0.05,9.79,9.521
m,-19.19,-25.06,-26.94,9.530
m,-18.38,-24.56,-26.81,9.538
a,0.33,-0.05,9.79,9.545
a,0.33,0.02,9.79,9.552
rv,0.27,-0.02,-0.00,-0.96,9.558
a,0.29,0.06,9.87,9.564
rv,0.27,-0.02,-0.00,-0.96,9.571
m,-18.00,-24.50,-26.81,9.576
a,0.37,-0.05,9.71,9.583
m,-19.56,-24.75,-27.31,9.590
a,0.41,-0.09,9.79,9.594
a,0.37,-0.13,9.83,9.601
rv,0.27,-0.02,-0.00,-0.96,9.608
a,0.41,-0.09,9.75,9.613
m,-18.94,-23.94,-25.62,9.620
a,0.37,-0.09,9.79,9.623
a,0.37,-0.05,9.83,9.631
rv,0.27,-0.02,-0.00,-0.96,9.638
a,0.41,-0.05,9.79,9.643
m,-18.25,-24.19,-26.38,9.665
a,0.37,-0.09,9.79,9.677
a,0.37,-0.05,9.79,9.686
a,0.37,-0.05,9.79,9.694
a,0.37,-0.05,9.79,9.701
g,0.00,-0.00,-0.00,9.705
a,0.37,-0.05,9.75,9.711
rv,0.27,-0.02,-0.00,-0.96,9.718
a,0.37,-0.05,9.79,9.723
rv,0.27,-0.02,-0.00,-0.96,9.729
a,0.37,-0.05,9.79,9.734
a,0.37,-0.05,9.75,9.741
g,-0.00,0.00,-0.00,9.745
a,0.41,-0.05,9.79,9.751
rv,0.27,-0.02,-0.00,-0.96,9.758
a,0.37,-0.05,9.75,9.763
m,-19.44,-24.69,-26.12,9.770
a,0.37,-0.05,9.79,9.774
a,0.37,-0.05,9.75,9.781
g,0.00,-0.00,-0.00,9.789
a,0.37,-0.05,9.75,9.796
a,0.37,-0.13,9.75,9.804
a,0.37,-0.05,9.79,9.812
rv,0.27,-0.02,-0.00,-0.96,9.819
a,0.37,-0.05,9.79,9.823
m,-18.38,-24.94,-26.38,9.831
m,-18.56,-23.88,-26.00,9.837
a,0.37,-0.02,9.79,9.843
a,0.41,-0.02,9.79,9.851
g,0.01,0.00,-0.02,9.854
a,0.37,-0.02,9.79,9.861
g,0.00,0.00,-0.01,9.865
m,-18.69,-24.56,-26.00,9.872
rv,0.27,-0.02,-0.00,-0.96,9.879
a,0.37,-0.02,9.79,9.883
a,0.37,-0.02,9.83,9.891
rv,0.27,-0.02,-0.00,-0.96,9.897
a,0.37,-0.05,9.79,9.902
rv,0.27,-0.02,-0.00,-0.96,9.913
m,-18.75,-25.00,-26.44,9.922
rv,0.27,-0.02,-0.00,-0.96,9.929
a,0.37,-0.05,9.75,9.933
a,0.37,-0.05,9.75,9.941
g,0.00,0.00,-0.01,9.945
a,0.37,-0.05,9.83,9.952
rv,0.27,-0.02,-0.00,-0.96,9.958
a,0.37,-0.09,9.79,9.963
m,-18.94,-24.25,-25.69,9.970
a,0.37,-0.05,9.79,9.975
m,-19.75,-24.06,-26.50,9.982
rv,0.27,-0.02,-0.00,-0.96,9.990
a,0.41,-0.02,9.79,9.993
a,0.41,-0.05,9.71,10.002
rv,0.27,-0.02,-0.00,-0.96,10.007
a,0.33,-0.02,9.87,10.012
rv,0.27,-0.02,-0.00,-0.96,10.019
a,0.37,-0.05,9.79,10.029
a,0.37,-0.09,9.75,10.036
a,0.37,-0.09,9.79,10.044
a,0.37,-0.13,9.75,10.051
rv,0.27,-0.02,-0.00,-0.96,10.058
a,0.37,-0.13,9.79,10.063
m,-18.62,-24.88,-24.81,10.070
a,0.37,-0.09,9.83,10.074
a,0.37,-0.05,9.75,10.081
rv,0.27,-0.02,-0.00,-0.96,10.086
a,0.37,-0.02,9.79,10.092
rv,0.27,-0.02,-0.00,-0.96,10.099
a,0.37,0.06,9.79,10.103
a,0.37,0.02,9.79,10.111
g,0.00,0.00,-0.02,10.114
a,0.37,-0.02,9.79,10.122
rv,0.27,-0.02,-0.00,-0.96,10.128
a,0.37,-0.05,9.79,10.133
m,-18.25,-23.88,-26.75,10.144
a,0.37,-0.05,9.83,10.153
a,0.33,-0.05,9.75,10.161
a,0.37,-0.02,9.75,10.164
m,-18.88,-25.69,-26.50,10.171
a,0.33,-0.02,9.83,10.174
a,0.37,-0.02,9.79,10.182
rv,0.27,-0.02,-0.00,-0.96,10.188
a,0.33,-0.02,9.83,10.193
m,-18.62,-24.94,-25.31,10.201
a,0.33,-0.05,9.79,10.205
m,-19.38,-24.31,-26.06,10.213
m,-18.62,-24.25,-26.00,10.220
a,0.33,-0.05,9.75,10.224
a,0.33,-0.02,9.79,10.231
g,0.00,0.01,-0.00,10.235
a,0.29,-0.02,9.79,10.241
rv,0.27,-0.02,-0.00,-0.96,10.249
a,0.29,-0.05,9.79,10.259
a,0.29,-0.05,9.75,10.266
a,0.33,-0.05,9.75,10.274
rv,0.27,-0.02,-0.00,-0.96,10.282
g,0.00,0.01,0.00,10.288
a,0.29,-0.02,9.75,10.293
rv,0.27,-0.02,-0.00,-0.96,10.298
a,0.29,-0.05,9.79,10.304
m,-19.50,-24.75,-26.94,10.310
a,0.26,-0.05,9.83,10.315
m,-18.69,-24.25,-26.81,10.321
rv,0.27,-0.02,-0.00,-0.96,10.328
a,0.22,-0.09,9.95,10.333
m,-18.25,-24.50,-25.62,10.340
a,0.33,-0.02,9.75,10.344
a,0.41,-0.02,9.41,10.351
