g,-0.04,0.07,0.00,0.025
rv,0.48,-0.02,-0.01,-0.88,0.051
m,-28.38,-17.06,-16.44,0.066
a,0.33,0.14,9.83,0.084
a,0.37,0.48,9.60,0.094
m,-28.75,-16.81,-16.81,0.105
g,-0.01,0.03,0.16,0.115
a,0.29,0.29,9.95,0.125
a,0.37,0.02,9.75,0.136
a,0.41,-0.74,10.21,0.145
g,-0.02,0.04,0.07,0.154
m,-29.06,-15.81,-18.00,0.163
m,-29.06,-16.50,-16.88,0.173
m,-29.12,-16.50,-17.25,0.184
g,0.05,-0.06,-0.02,0.195
g,-0.01,0.01,-0.00,0.205
a,0.60,-0.05,8.99,0.215
a,0.37,-0.21,9.98,0.225
a,0.45,0.14,9.52,0.234
g,-0.01,0.01,0.00,0.244
g,-0.01,0.00,0.00,0.257
a,0.33,-0.05,9.75,0.268
a,0.33,-0.05,9.79,0.278
g,0.00,0.01,0.00,0.289
rv,0.48,-0.02,-0.01,-0.88,0.301
a,0.33,-0.05,9.83,0.311
a,0.33,-0.05,9.79,0.321
a,0.33,-0.05,9.75,0.330
rv,0.48,-0.02,-0.01,-0.88,0.339
rv,0.48,-0.02,-0.01,-0.88,0.349
rv,0.48,-0.02,-0.01,-0.88,0.359
rv,0.48,-0.02,-0.01,-0.88,0.369
rv,0.48,-0.02,-0.01,-0.88,0.380
rv,0.48,-0.02,-0.01,-0.88,0.389
rv,0.48,-0.02,-0.01,-0.88,0.399
rv,0.48,-0.02,-0.01,-0.88,0.410
rv,0.48,-0.02,-0.01,-0.88,0.419
rv,0.48,-0.02,-0.01,-0.88,0.433
m,-27.88,-16.31,-16.38,0.444
g,0.00,-0.01,0.00,0.456
a,0.37,-0.02,9.79,0.466
a,0.37,-0.02,9.79,0.476
a,0.37,-0.05,9.75,0.486
a,0.37,-0.05,9.79,0.495
g,0.00,-0.00,-0.00,0.504
g,0.00,-0.01,-0.01,0.514
m,-28.81,-17.19,-17.25,0.523
m,-28.12,-16.31,-15.19,0.532
a,0.45,-0.17,9.87,0.541
a,0.45,-0.21,9.79,0.550
rv,0.48,-0.02,-0.01,-0.88,0.559
rv,0.48,-0.02,-0.01,-0.88,0.569
a,0.52,-0.40,9.91,0.577
a,0.41,0.02,9.79,0.586
a,0.45,0.71,9.33,0.595
g,-0.01,0.00,-0.06,0.604
m,-28.31,-16.06,-17.12,0.618
a,0.29,0.25,10.37,0.629
rv,0.48,-0.02,-0.01,-0.88,0.642
a,0.37,0.41,9.57,0.652
a,0.41,0.02,9.75,0.662
a,0.41,0.14,9.75,0.671
a,0.41,-0.13,9.95,0.681
a,0.48,-0.17,9.60,0.690
rv,0.48,-0.02,-0.01,-0.88,0.699
rv,0.48,-0.02,-0.01,-0.88,0.709
g,0.00,-0.00,0.04,0.718
a,0.41,0.02,9.79,0.727
a,0.41,-0.05,9.79,0.736
a,0.48,-0.09,9.79,0.745
g,0.00,0.00,0.02,0.754
g,0.00,0.00,0.02,0.762
a,0.45,-0.02,9.83,0.771
a,0.45,-0.02,9.75,0.780
a,0.45,0.02,9.75,0.791
a,0.56,-0.02,9.79,0.800
rv,0.48,-0.02,-0.01,-0.88,0.814
m,-28.00,-16.69,-16.75,0.826
a,0.41,-0.05,9.67,0.837
a,0.48,0.06,9.75,0.847
a,0.45,0.18,9.75,0.856
a,0.33,0.18,9.75,0.866
a,0.37,-0.05,9.75,0.875
g,-0.02,0.04,0.06,0.885
m,-29.00,-15.81,-17.19,0.894
g,-0.02,0.13,0.69,0.905
a,0.41,-0.21,9.64,0.916
a,0.45,-0.48,9.71,0.926
a,0.41,-0.55,9.79,0.935
g,0.01,-0.00,0.52,0.944
m,-29.56,-15.12,-16.44,0.954
m,-28.81,-15.06,-16.38,0.964
m,-29.81,-14.81,-15.62,0.974
m,-29.12,-14.38,-16.75,0.985
g,0.00,-0.00,0.04,0.996
a,0.41,-0.05,9.75,1.010
a,0.41,-0.05,9.79,1.024
m,-29.62,-15.50,-16.50,1.035
m,-29.06,-14.38,-15.94,1.045
g,0.00,0.00,0.02,1.056
a,0.41,-0.02,9.79,1.066
a,0.41,-0.09,9.79,1.076
a,0.45,-0.09,9.79,1.085
g,0.00,-0.00,0.02,1.094
m,-28.75,-14.31,-16.75,1.104
m,-29.19,-14.75,-17.19,1.114
a,0.41,-0.05,9.79,1.123
a,0.41,-0.02,9.75,1.132
a,0.41,-0.05,9.79,1.141
a,0.41,-0.05,9.75,1.151
a,0.45,-0.09,9.83,1.160
rv,0.50,-0.02,-0.01,-0.87,1.169
rv,0.50,-0.02,-0.01,-0.87,1.179
rv,0.50,-0.02,-0.01,-0.87,1.190
rv,0.50,-0.02,-0.01,-0.87,1.204
g,0.00,-0.01,0.00,1.216
a,0.41,-0.05,9.79,1.227
a,0.41,-0.05,9.75,1.237
a,0.41,-0.05,9.75,1.246
a,0.41,-0.05,9.83,1.256
g,0.00,0.00,0.01,1.265
g,0.00,-0.00,0.01,1.275
g,-0.00,0.00,0.01,1.284
m,-29.44,-14.44,-16.44,1.293
a,0.41,-0.05,9.79,1.301
a,0.41,-0.05,9.79,1.310
rv,0.50,-0.02,-0.01,-0.87,1.319
rv,0.50,-0.02,-0.01,-0.87,1.329
g,0.00,0.00,0.01,1.338
a,0.41,-0.05,9.79,1.347
a,0.41,-0.05,9.79,1.356
a,0.45,-0.05,9.75,1.365
g,-0.01,-0.00,0.01,1.374
g,-0.00,0.00,0.00,1.387
a,0.41,-0.05,9.83,1.398
a,0.41,-0.02,9.79,1.408
a,0.45,-0.05,9.75,1.417
a,0.41,-0.05,9.79,1.427
a,0.41,-0.05,9.79,1.436
a,0.41,-0.05,9.79,1.446
a,0.41,-0.05,9.79,1.456
g,-0.00,-0.00,0.01,1.465
g,0.00,-0.00,0.01,1.474
m,-29.06,-14.06,-16.75,1.483
a,0.41,-0.05,9.79,1.491
rv,0.50,-0.02,-0.01,-0.87,1.500
rv,0.50,-0.02,-0.01,-0.87,1.510
rv,0.50,-0.02,-0.01,-0.87,1.520
rv,0.50,-0.02,-0.01,-0.87,1.530
rv,0.50,-0.02,-0.01,-0.87,1.540
rv,0.50,-0.02,-0.01,-0.87,1.549
g,0.00,-0.00,0.00,1.562
a,0.41,-0.05,9.79,1.573
m,-29.81,-14.44,-16.00,1.585
m,-29.38,-13.81,-16.75,1.595
g,0.00,-0.00,0.00,1.605
g,0.00,-0.00,0.00,1.616
g,0.00,0.00,0.00,1.625
g,0.00,-0.00,0.00,1.635
g,0.00,0.00,-0.00,1.644
m,-29.69,-15.50,-16.88,1.653
a,0.45,-0.05,9.79,1.661
a,0.41,-0.05,9.79,1.671
a,0.37,-0.05,9.79,1.680
rv,0.50,-0.02,-0.01,-0.87,1.690
g,0.01,0.00,0.00,1.698
a,0.37,-0.09,9.79,1.707
a,0.37,-0.02,9.91,1.716
g,-0.00,-0.00,-0.00,1.725
m,-29.62,-14.81,-17.19,1.734
a,0.41,-0.05,9.79,1.746
g,0.00,0.00,0.00,1.758
a,0.41,-0.05,9.79,1.769
a,0.41,-0.02,9.79,1.779
a,0.45,-0.05,9.75,1.789
a,0.41,-0.09,9.75,1.798
a,0.41,-0.05,9.87,1.808
a,0.41,-0.05,9.71,1.817
a,0.37,-0.05,9.75,1.827
a,0.37,-0.05,9.83,1.836
g,0.00,0.00,0.01,1.845
m,-28.88,-15.44,-16.81,1.855
m,-30.19,-13.94,-17.25,1.865
g,0.00,0.00,0.01,1.874
m,-30.75,-16.00,-16.19,1.884
a,0.41,-0.05,9.83,1.893
a,0.45,-0.09,9.75,1.902
a,0.41,-0.05,9.71,1.911
a,0.41,-0.02,9.79,1.921
a,0.41,-0.05,9.79,1.930
rv,0.50,-0.02,-0.01,-0.87,1.944
m,-29.62,-14.81,-17.19,1.957
a,0.41,-0.05,9.75,1.968
a,0.45,-0.05,9.83,1.978
a,0.45,-0.02,9.83,1.987
a,0.41,-0.05,9.75,1.997
a,0.41,-0.05,9.79,2.006
g,0.00,0.00,0.00,2.015
m,-29.56,-14.50,-17.62,2.025
m,-29.06,-14.38,-16.38,2.035
m,-29.56,-14.81,-16.81,2.046
g,-0.01,0.00,-0.00,2.056
g,0.00,-0.00,-0.00,2.066
a,0.41,-0.09,9.75,2.076
g,0.00,0.00,-0.00,2.085
g,0.00,0.00,0.00,2.095
m,-29.44,-15.88,-18.06,2.104
m,-29.00,-14.00,-15.94,2.113
a,0.41,-0.05,9.75,2.122
a,0.41,-0.02,9.75,2.135
g,0.00,-0.00,0.00,2.147
a,0.41,-0.02,9.75,2.157
a,0.37,-0.05,9.75,2.168
a,0.41,-0.05,9.75,2.178
a,0.41,-0.05,9.83,2.187
g,0.00,-0.00,-0.00,2.196
g,-0.00,-0.00,0.00,2.205
m,-29.88,-14.50,-16.81,2.214
m,-29.38,-14.69,-14.88,2.224
a,0.41,-0.05,9.79,2.232
a,0.41,-0.05,9.75,2.242
a,0.41,-0.05,9.79,2.251
rv,0.50,-0.02,-0.01,-0.87,2.260
g,0.00,0.00,0.00,2.269
a,0.41,-0.05,9.79,2.277
a,0.37,-0.09,9.79,2.286
g,0.01,-0.00,0.00,2.295
m,-29.44,-14.44,-16.44,2.305
m,-30.06,-15.25,-17.25,2.315
g,0.00,-0.00,0.00,2.328
a,0.37,-0.02,9.75,2.340
a,0.37,-0.05,9.75,2.350
rv,0.50,-0.02,-0.01,-0.87,2.362
a,0.45,-0.05,9.79,2.373
a,0.41,-0.09,9.79,2.382
a,0.41,-0.05,9.75,2.392
a,0.41,-0.05,9.79,2.401
a,0.41,-0.05,9.79,2.412
rv,0.50,-0.02,-0.01,-0.87,2.421
rv,0.50,-0.02,-0.01,-0.87,2.430
g,-0.00,0.00,0.00,2.439
a,0.41,-0.02,9.75,2.447
a,0.45,-0.02,9.79,2.456
g,0.00,-0.00,0.00,2.465
g,0.00,-0.00,0.00,2.473
a,0.41,-0.09,9.79,2.482
a,0.41,-0.05,9.79,2.491
rv,0.50,-0.02,-0.01,-0.87,2.500
rv,0.50,-0.02,-0.01,-0.87,2.514
m,-30.31,-14.88,-16.50,2.526
g,-0.01,0.00,0.00,2.537
a,0.45,-0.02,9.79,2.547
a,0.41,-0.05,9.83,2.557
a,0.41,-0.05,9.75,2.566
g,-0.00,0.00,0.00,2.576
m,-29.88,-14.81,-16.06,2.585
g,-0.01,-0.00,0.00,2.596
m,-29.50,-14.81,-16.44,2.605
g,0.00,0.00,0.00,2.616
a,0.41,-0.05,9.79,2.626
g,0.00,0.00,0.00,2.635
m,-28.75,-14.38,-17.12,2.645
m,-29.94,-14.88,-16.88,2.654
a,0.45,-0.05,9.79,2.662
a,0.45,-0.05,9.83,2.672
a,0.41,-0.05,9.75,2.681
a,0.41,-0.05,9.79,2.691
a,0.41,-0.05,9.75,2.705
g,0.00,0.00,0.00,2.718
a,0.41,-0.05,9.83,2.729
a,0.41,-0.05,9.79,2.740
rv,0.50,-0.02,-0.01,-0.86,2.752
a,0.41,-0.05,9.79,2.763
a,0.41,-0.05,9.79,2.772
a,0.48,-0.05,9.79,2.782
a,0.41,-0.05,9.79,2.791
a,0.41,-0.05,9.79,2.801
a,0.41,-0.05,9.75,2.811
rv,0.50,-0.02,-0.01,-0.86,2.820
rv,0.50,-0.02,-0.01,-0.86,2.830
g,-0.00,-0.00,0.00,2.839
a,0.41,-0.09,9.75,2.847
a,0.41,-0.02,9.79,2.857
a,0.41,-0.05,9.75,2.866
g,-0.01,-0.00,-0.00,2.876
g,0.00,0.00,0.00,2.885
g,0.00,0.00,-0.00,2.895
g,-0.00,-0.00,-0.00,2.907
a,0.45,-0.05,9.83,2.919
a,0.37,-0.05,9.79,2.929
a,0.41,-0.05,9.79,2.938
a,0.41,-0.05,9.75,2.948
a,0.41,-0.05,9.79,2.957
a,0.37,-0.02,9.83,2.967
a,0.41,-0.05,9.75,2.976
g,0.00,-0.00,0.00,2.986
g,-0.00,-0.00,0.00,2.995
m,-29.12,-15.06,-15.56,3.004
m,-30.19,-14.81,-15.31,3.013
a,0.45,-0.05,9.79,3.022
a,0.45,-0.09,9.75,3.031
rv,0.50,-0.02,-0.01,-0.86,3.041
rv,0.50,-0.02,-0.01,-0.86,3.050
g,-0.00,0.01,0.00,3.059
a,0.41,-0.05,9.75,3.067
a,0.45,-0.05,9.79,3.076
g,0.00,-0.00,0.00,3.100
m,-29.69,-14.69,-14.12,3.116
a,0.41,-0.05,9.79,3.126
g,0.00,0.00,-0.01,3.137
a,0.41,-0.05,9.75,3.147
g,0.00,0.00,-0.00,3.156
g,0.01,-0.00,-0.00,3.165
m,-29.25,-16.44,-14.94,3.174
m,-29.44,-15.44,-14.88,3.184
a,0.48,-0.02,9.79,3.193
a,0.41,-0.05,9.79,3.201
rv,0.50,-0.02,-0.01,-0.86,3.211
rv,0.50,-0.02,-0.01,-0.86,3.220
rv,0.50,-0.02,-0.01,-0.86,3.231
rv,0.50,-0.02,-0.01,-0.86,3.240
rv,0.50,-0.02,-0.01,-0.86,3.251
g,0.00,-0.00,-0.00,3.259
a,0.37,-0.09,9.79,3.268
a,0.41,-0.05,9.75,3.281
rv,0.50,-0.02,-0.01,-0.86,3.294
a,0.41,-0.05,9.79,3.304
a,0.45,-0.05,9.79,3.314
a,0.45,-0.02,9.79,3.324
a,0.45,-0.05,9.79,3.333
a,0.41,-0.09,9.79,3.343
a,0.45,-0.05,9.79,3.352
rv,0.50,-0.02,-0.01,-0.86,3.361
rv,0.50,-0.02,-0.01,-0.86,3.371
rv,0.50,-0.02,-0.01,-0.86,3.381
g,-0.01,0.00,0.00,3.389
a,0.41,-0.05,9.79,3.398
a,0.41,-0.09,9.75,3.407
a,0.41,-0.05,9.75,3.416
g,-0.00,0.00,-0.01,3.425
m,-29.75,-16.88,-15.75,3.435
m,-29.44,-15.38,-14.50,3.444
a,0.41,-0.05,9.79,3.452
a,0.41,-0.05,9.79,3.466
g,-0.01,0.00,-0.00,3.479
a,0.45,-0.05,9.79,3.489
a,0.37,-0.05,9.75,3.499
a,0.41,-0.09,9.79,3.508
a,0.41,-0.05,9.75,3.518
a,0.41,-0.05,9.79,3.527
g,-0.01,-0.00,0.00,3.536
m,-30.06,-15.94,-16.56,3.546
g,-0.00,0.00,0.00,3.556
m,-29.06,-16.00,-13.75,3.565
m,-29.12,-15.75,-14.88,3.575
m,-29.06,-15.69,-14.12,3.586
g,0.00,-0.00,0.00,3.597
g,0.00,0.00,-0.00,3.607
a,0.41,-0.05,9.75,3.617
g,0.00,0.00,0.00,3.626
g,0.01,0.00,-0.00,3.635
m,-30.00,-16.56,-15.00,3.645
m,-30.44,-14.88,-14.94,3.658
a,0.45,-0.05,9.79,3.670
a,0.41,-0.05,9.79,3.681
g,-0.00,0.00,0.00,3.691
rv,0.50,-0.02,-0.01,-0.86,3.703
a,0.45,-0.05,9.79,3.713
a,0.41,-0.05,9.75,3.723
rv,0.50,-0.02,-0.01,-0.86,3.731
a,0.41,-0.05,9.79,3.737
a,0.41,-0.05,9.75,3.747
g,0.00,-0.00,0.00,3.756
g,0.00,0.00,0.00,3.765
m,-29.50,-15.75,-14.50,3.775
m,-29.69,-14.75,-14.50,3.784
a,0.41,-0.05,9.79,3.793
a,0.41,-0.02,9.79,3.802
rv,0.50,-0.02,-0.01,-0.86,3.811
rv,0.50,-0.02,-0.01,-0.86,3.821
a,0.41,-0.02,9.75,3.829
a,0.45,-0.05,9.79,3.842
rv,0.50,-0.02,-0.01,-0.86,3.854
a,0.45,-0.05,9.79,3.864
a,0.41,-0.05,9.75,3.874
a,0.45,-0.05,9.79,3.883
a,0.41,-0.05,9.71,3.893
a,0.41,-0.05,9.75,3.902
a,0.45,-0.05,9.79,3.912
a,0.41,-0.02,9.79,3.921
rv,0.50,-0.02,-0.01,-0.86,3.931
rv,0.50,-0.02,-0.01,-0.86,3.941
rv,0.50,-0.02,-0.01,-0.86,3.951
rv,0.50,-0.02,-0.01,-0.86,3.962
rv,0.50,-0.02,-0.01,-0.86,3.971
rv,0.50,-0.02,-0.01,-0.86,3.981
rv,0.50,-0.02,-0.01,-0.86,3.991
rv,0.50,-0.02,-0.01,-0.86,4.001
rv,0.50,-0.02,-0.01,-0.86,4.011
rv,0.50,-0.02,-0.01,-0.86,4.025
a,0.41,-0.02,9.75,4.035
m,-29.88,-15.81,-14.56,4.047
g,0.00,-0.00,0.00,4.057
a,0.41,-0.05,9.79,4.067
g,-0.00,-0.00,0.00,4.076
g,0.00,0.00,0.00,4.086
m,-30.00,-16.19,-15.38,4.095
a,0.41,-0.05,9.75,4.103
a,0.41,-0.05,9.79,4.112
rv,0.50,-0.02,-0.01,-0.86,4.121
rv,0.50,-0.02,-0.01,-0.86,4.131
rv,0.50,-0.02,-0.01,-0.86,4.141
rv,0.50,-0.02,-0.01,-0.86,4.151
rv,0.50,-0.02,-0.01,-0.86,4.161
g,0.00,-0.00,0.00,4.169
a,0.41,-0.05,9.75,4.177
a,0.41,-0.02,9.79,4.191
rv,0.50,-0.02,-0.01,-0.86,4.204
a,0.41,-0.05,9.75,4.215
a,0.41,-0.02,9.83,4.225
m,-29.44,-15.75,-14.12,4.235
m,-29.19,-15.75,-15.25,4.246
m,-30.00,-16.19,-15.38,4.255
a,0.41,-0.05,9.79,4.264
a,0.37,-0.05,9.79,4.273
rv,0.50,-0.02,-0.01,-0.86,4.282
rv,0.50,-0.02,-0.01,-0.86,4.291
rv,0.50,-0.02,-0.01,-0.86,4.302
rv,0.50,-0.02,-0.01,-0.86,4.311
rv,0.50,-0.02,-0.01,-0.86,4.321
rv,0.50,-0.02,-0.01,-0.86,4.331
rv,0.50,-0.02,-0.01,-0.86,4.341
rv,0.50,-0.02,-0.01,-0.86,4.351
rv,0.50,-0.02,-0.01,-0.86,4.365
a,0.45,-0.02,9.79,4.376
g,0.00,0.00,0.00,4.388
g,0.01,-0.00,0.00,4.398
a,0.45,-0.05,9.79,4.408
g,-0.00,0.00,-0.01,4.416
g,0.01,0.00,0.00,4.426
m,-29.88,-15.81,-14.56,4.435
a,0.41,-0.05,9.79,4.443
a,0.45,-0.05,9.83,4.453
a,0.45,-0.05,9.75,4.462
rv,0.50,-0.02,-0.01,-0.86,4.471
rv,0.50,-0.02,-0.01,-0.86,4.481
rv,0.50,-0.02,-0.01,-0.86,4.491
rv,0.50,-0.02,-0.01,-0.86,4.501
g,0.00,0.00,0.00,4.509
a,0.41,-0.05,9.79,4.517
g,0.00,0.00,0.00,4.526
g,0.00,0.00,0.00,4.536
g,0.00,0.00,0.00,4.550
a,0.41,-0.05,9.75,4.560
a,0.41,-0.05,9.79,4.570
a,0.41,-0.05,9.75,4.579
a,0.41,-0.05,9.75,4.589
a,0.45,-0.05,9.79,4.598
a,0.41,-0.05,9.75,4.608
a,0.41,-0.02,9.75,4.617
g,0.00,0.00,0.00,4.626
m,-29.06,-15.00,-15.19,4.636
m,-30.69,-16.31,-15.06,4.646
a,0.45,-0.05,9.79,4.655
a,0.41,-0.05,9.79,4.664
a,0.45,-0.09,9.75,4.673
a,0.45,-0.02,9.83,4.683
a,0.45,-0.09,9.79,4.692
rv,0.50,-0.02,-0.01,-0.86,4.701
rv,0.50,-0.02,-0.01,-0.86,4.711
rv,0.50,-0.02,-0.01,-0.86,4.721
rv,0.50,-0.02,-0.01,-0.86,4.735
a,0.45,-0.05,9.79,4.746
m,-29.44,-16.06,-13.75,4.757
g,0.00,0.00,0.00,4.767
g,0.00,0.00,0.00,4.777
a,0.41,-0.02,9.79,4.787
g,0.00,0.00,0.00,4.796
g,0.00,0.00,0.00,4.804
a,0.45,-0.02,9.79,4.813
a,0.41,-0.05,9.75,4.822
a,0.45,-0.05,9.79,4.832
a,0.45,-0.05,9.75,4.841
rv,0.50,-0.02,-0.01,-0.86,4.851
g,0.00,0.00,0.00,4.859
a,0.41,-0.02,9.79,4.868
a,0.41,-0.05,9.83,4.877
g,0.00,0.00,0.00,4.886
g,0.00,0.00,0.00,4.895
m,-30.56,-15.94,-14.62,4.905
a,0.45,-0.05,9.79,4.913
a,0.41,-0.05,9.79,4.928
a,0.45,-0.05,9.79,4.940
a,0.41,-0.05,9.75,4.950
a,0.45,-0.05,9.79,4.961
a,0.41,-0.05,9.83,4.970
a,0.37,-0.05,9.75,4.980
a,0.41,-0.09,9.75,4.989
a,0.45,-0.05,9.79,4.999
a,0.41,-0.05,9.75,5.008
a,0.41,-0.05,9.83,5.018
a,0.41,-0.05,9.79,5.027
g,0.00,0.00,0.00,5.037
g,0.00,0.00,0.00,5.046
g,0.00,0.00,0.00,5.057
m,-29.56,-16.12,-14.56,5.066
g,0.00,0.00,0.00,5.077
a,0.45,-0.05,9.79,5.087
g,0.00,0.00,0.00,5.097
m,-29.75,-16.56,-16.12,5.106
m,-27.94,-15.19,-14.75,5.115
a,0.41,-0.05,9.79,5.127
g,0.00,0.00,0.00,5.140
a,0.41,-0.05,9.79,5.151
a,0.41,-0.05,9.75,5.159
a,0.41,-0.05,9.75,5.170
a,0.41,-0.02,9.79,5.179
a,0.41,-0.09,9.79,5.189
a,0.45,-0.02,9.79,5.198
g,0.00,0.00,0.00,5.207
m,-30.06,-16.25,-15.75,5.216
m,-29.31,-16.44,-15.31,5.226
a,0.41,-0.05,9.75,5.235
a,0.41,-0.02,9.75,5.245
a,0.45,-0.02,9.83,5.254
a,0.41,-0.05,9.75,5.264
a,0.41,-0.09,9.75,5.273
a,0.41,-0.05,9.79,5.283
a,0.41,-0.05,9.79,5.292
rv,0.50,-0.02,-0.01,-0.86,5.301
g,0.00,0.00,0.00,5.309
a,0.45,-0.02,9.75,5.322
rv,0.50,-0.02,-0.01,-0.86,5.334
a,0.45,-0.09,9.75,5.345
a,0.41,-0.05,9.75,5.355
a,0.45,-0.09,9.79,5.364
a,0.41,-0.05,9.75,5.374
a,0.41,-0.05,9.75,5.383
rv,0.50,-0.02,-0.01,-0.86,5.393
rv,0.50,-0.02,-0.01,-0.86,5.402
a,0.41,-0.05,9.75,5.409
a,0.41,-0.09,9.79,5.418
a,0.45,-0.05,9.79,5.428
g,0.00,0.00,0.00,5.437
g,0.00,0.00,0.00,5.446
g,0.00,0.00,0.00,5.456
m,-29.56,-16.12,-14.56,5.465
a,0.41,-0.02,9.83,5.473
a,0.37,-0.05,9.79,5.482
rv,0.50,-0.02,-0.01,-0.86,5.492
rv,0.50,-0.02,-0.01,-0.86,5.505
a,0.45,-0.05,9.75,5.516
m,-29.44,-15.44,-14.88,5.527
m,-29.12,-15.38,-15.25,5.538
a,0.41,-0.05,9.75,5.549
a,0.41,-0.02,9.79,5.559
a,0.41,-0.05,9.75,5.568
a,0.45,-0.02,9.79,5.577
g,0.00,0.00,0.00,5.586
m,-28.38,-15.25,-15.12,5.596
m,-29.50,-15.75,-14.50,5.605
a,0.41,-0.05,9.75,5.613
a,0.45,-0.05,9.79,5.623
a,0.41,-0.05,9.79,5.632
rv,0.50,-0.02,-0.01,-0.86,5.642
g,0.00,0.00,0.00,5.649
a,0.41,-0.05,9.79,5.658
a,0.45,-0.05,9.79,5.667
g,0.00,0.00,0.00,5.676
g,0.00,0.00,0.00,5.689
a,0.45,-0.05,9.79,5.701
a,0.41,-0.05,9.79,5.712
g,0.00,0.00,0.00,5.722
rv,0.50,-0.02,-0.01,-0.86,5.733
a,0.41,-0.05,9.75,5.743
a,0.45,-0.05,9.79,5.753
a,0.41,-0.05,9.79,5.762
rv,0.50,-0.02,-0.01,-0.86,5.772
rv,0.50,-0.02,-0.01,-0.86,5.782
rv,0.50,-0.02,-0.01,-0.86,5.792
rv,0.50,-0.02,-0.01,-0.86,5.802
rv,0.50,-0.02,-0.01,-0.86,5.812
rv,0.50,-0.02,-0.01,-0.86,5.823
rv,0.50,-0.02,-0.01,-0.86,5.832
rv,0.50,-0.02,-0.01,-0.86,5.842
rv,0.50,-0.02,-0.01,-0.86,5.852
rv,0.50,-0.02,-0.01,-0.86,5.862
rv,0.50,-0.02,-0.01,-0.86,5.876
a,0.45,-0.05,9.75,5.886
m,-30.62,-15.94,-15.38,5.898
g,0.00,0.00,0.00,5.908
g,0.00,0.00,0.00,5.918
a,0.41,-0.05,9.79,5.928
g,0.00,0.00,0.00,5.937
g,0.00,0.00,0.00,5.946
m,-29.50,-15.44,-15.25,5.956
a,0.48,-0.05,9.83,5.963
rv,0.50,-0.02,-0.01,-0.86,5.973
rv,0.50,-0.02,-0.01,-0.86,5.982
rv,0.50,-0.02,-0.01,-0.86,5.992
rv,0.50,-0.02,-0.01,-0.86,6.002
rv,0.50,-0.02,-0.01,-0.86,6.012
rv,0.50,-0.02,-0.01,-0.86,6.022
rv,0.50,-0.02,-0.01,-0.86,6.032
rv,0.50,-0.02,-0.01,-0.86,6.057
a,0.41,-0.05,9.79,6.074
m,-29.19,-15.75,-15.25,6.083
rv,0.50,-0.02,-0.01,-0.86,6.092
rv,0.50,-0.02,-0.01,-0.86,6.102
rv,0.50,-0.02,-0.01,-0.86,6.113
rv,0.50,-0.02,-0.01,-0.86,6.123
rv,0.50,-0.02,-0.01,-0.86,6.132
rv,0.50,-0.02,-0.01,-0.86,6.143
rv,0.50,-0.02,-0.01,-0.86,6.152
a,0.41,-0.05,9.79,6.160
a,0.41,-0.09,9.79,6.169
a,0.41,-0.05,9.75,6.178
g,0.00,0.00,0.00,6.187
g,0.00,0.00,0.00,6.197
g,0.00,0.00,0.00,6.207
m,-29.56,-16.44,-14.19,6.216
a,0.41,-0.05,9.79,6.224
a,0.45,-0.05,9.79,6.237
g,0.00,0.00,0.00,6.250
a,0.41,-0.05,9.79,6.261
a,0.41,-0.05,9.79,6.270
a,0.45,-0.02,9.79,6.280
a,0.41,-0.05,9.79,6.289
a,0.41,-0.05,9.79,6.299
a,0.41,-0.02,9.79,6.308
a,0.41,-0.09,9.79,6.319
a,0.41,-0.05,9.79,6.328
g,0.00,0.00,0.00,6.337
g,0.00,0.00,0.00,6.345
a,0.41,-0.05,9.75,6.354
a,0.41,-0.05,9.79,6.363
rv,0.50,-0.02,-0.01,-0.86,6.372
rv,0.50,-0.02,-0.01,-0.86,6.382
rv,0.50,-0.02,-0.01,-0.86,6.393
rv,0.50,-0.02,-0.01,-0.86,6.402
a,0.41,-0.09,9.79,6.410
a,0.45,-0.05,9.79,6.423
rv,0.50,-0.02,-0.01,-0.86,6.436
a,0.41,-0.05,9.75,6.447
g,0.00,0.00,0.00,6.458
g,0.00,0.00,0.00,6.469
a,0.37,-0.05,9.79,6.479
a,0.45,-0.05,9.75,6.489
a,0.45,-0.05,9.75,6.498
a,0.41,-0.05,9.79,6.509
g,0.00,0.00,0.00,6.518
g,0.00,0.00,0.00,6.527
g,0.00,0.00,0.00,6.537
g,0.00,0.00,0.00,6.546
a,0.41,-0.05,9.79,6.553
rv,0.50,-0.02,-0.01,-0.86,6.562
rv,0.50,-0.02,-0.01,-0.86,6.572
g,0.00,0.00,0.00,6.581
a,0.41,-0.05,9.79,6.590
a,0.41,-0.02,9.79,6.599
g,0.00,0.00,0.00,6.607
g,0.00,0.00,0.00,6.619
a,0.41,-0.05,9.75,6.629
a,0.41,-0.05,9.79,6.639
a,0.41,-0.05,9.75,6.649
a,0.45,-0.05,9.79,6.659
m,-28.69,-14.31,-16.31,6.668
g,0.00,0.00,0.00,6.677
g,0.00,0.00,0.00,6.687
g,0.00,0.00,0.00,6.696
m,-29.19,-14.75,-16.81,6.705
a,0.41,-0.09,9.75,6.713
a,0.41,-0.05,9.79,6.723
rv,0.50,-0.02,-0.01,-0.86,6.732
a,0.41,-0.05,9.79,6.740
a,0.45,-0.02,9.79,6.749
a,0.41,-0.09,9.79,6.758
g,0.00,0.00,0.00,6.767
m,-29.56,-14.81,-16.81,6.777
m,-30.25,-14.56,-16.50,6.787
a,0.45,-0.05,9.79,6.800
a,0.41,-0.05,9.75,6.813
g,-0.01,0.00,-0.01,6.824
a,0.41,-0.05,9.79,6.835
a,0.45,-0.05,9.79,6.845
a,0.45,-0.05,9.79,6.854
a,0.41,-0.05,9.83,6.864
a,0.41,-0.05,9.79,6.873
rv,0.50,-0.02,-0.01,-0.86,6.882
a,0.41,-0.05,9.79,6.890
a,0.41,-0.05,9.79,6.899
a,0.45,-0.05,9.75,6.908
g,-0.00,0.00,0.00,6.918
g,0.00,-0.00,0.00,6.927
m,-30.00,-15.56,-16.06,6.936
a,0.41,-0.05,9.79,6.944
a,0.41,-0.05,9.79,6.954
a,0.45,-0.09,9.75,6.963
rv,0.50,-0.02,-0.01,-0.86,6.973
rv,0.50,-0.02,-0.01,-0.86,6.982
rv,0.50,-0.02,-0.01,-0.86,6.997
a,0.41,-0.05,9.79,7.007
m,-29.38,-14.06,-15.94,7.018
g,-0.00,0.00,-0.00,7.029
a,0.45,-0.05,9.79,7.040
a,0.37,-0.05,9.79,7.050
a,0.41,-0.05,9.79,7.059
g,0.00,-0.00,0.00,7.068
m,-30.62,-16.38,-17.81,7.078
g,0.00,-0.00,-0.00,7.088
a,0.45,-0.05,9.75,7.099
g,0.00,0.00,0.00,7.108
m,-29.69,-15.19,-17.69,7.117
m,-28.19,-16.00,-15.94,7.127
m,-29.62,-15.50,-16.50,7.138
m,-30.94,-15.31,-15.38,7.148
m,-30.31,-14.88,-16.50,7.158
m,-29.56,-15.12,-16.44,7.168
m,-28.81,-14.69,-17.12,7.182
a,0.45,-0.05,9.79,7.194
a,0.45,-0.05,9.79,7.207
m,-29.44,-14.06,-16.38,7.218
g,-0.00,0.00,-0.01,7.228
g,0.00,-0.00,-0.00,7.239
a,0.41,-0.09,9.79,7.249
g,0.00,0.00,0.00,7.258
m,-29.94,-15.19,-16.50,7.268
m,-29.25,-15.12,-17.19,7.277
a,0.41,-0.05,9.79,7.285
a,0.41,-0.05,9.75,7.295
a,0.45,-0.05,9.79,7.304
a,0.45,-0.05,9.79,7.314
a,0.41,-0.05,9.79,7.323
rv,0.50,-0.02,-0.01,-0.86,7.333
a,0.41,-0.05,9.79,7.340
a,0.45,-0.05,9.79,7.350
a,0.41,-0.02,9.79,7.359
g,0.00,0.00,0.00,7.368
m,-29.19,-14.75,-17.19,7.382
a,0.41,-0.09,9.79,7.393
rv,0.50,-0.02,-0.01,-0.86,7.406
a,0.41,-0.05,9.79,7.416
a,0.41,-0.05,9.75,7.426
a,0.41,-0.05,9.79,7.435
a,0.41,-0.09,9.75,7.445
a,0.45,-0.05,9.75,7.454
rv,0.50,-0.02,-0.01,-0.86,7.463
rv,0.50,-0.02,-0.01,-0.86,7.473
g,-0.00,-0.00,0.00,7.482
a,0.41,-0.05,9.79,7.490
a,0.41,-0.05,9.79,7.500
a,0.45,-0.05,9.79,7.509
g,0.00,0.00,0.00,7.518
m,-29.38,-14.75,-15.25,7.528
m,-29.81,-14.81,-15.62,7.537
a,0.45,-0.05,9.79,7.546
a,0.45,-0.05,9.75,7.556
a,0.41,-0.09,9.79,7.569
g,-0.00,0.00,0.00,7.581
a,0.41,-0.05,9.75,7.592
a,0.45,-0.05,9.79,7.602
a,0.41,-0.05,9.79,7.611
a,0.41,-0.05,9.75,7.621
a,0.45,-0.05,9.75,7.631
a,0.37,-0.05,9.79,7.640
g,0.00,0.00,-0.00,7.649
g,0.00,-0.00,0.00,7.658
g,-0.00,0.00,-0.00,7.669
g,0.00,0.01,-0.00,7.678
g,-0.00,-0.00,0.00,7.689
a,0.41,-0.05,9.79,7.699
g,0.00,0.00,-0.00,7.708
m,-29.50,-14.12,-17.19,7.718
m,-30.00,-15.56,-16.06,7.728
g,0.00,0.00,0.00,7.737
m,-29.69,-14.06,-15.62,7.748
m,-31.25,-14.69,-16.19,7.762
a,0.41,-0.05,9.79,7.773
rv,0.50,-0.02,-0.01,-0.86,7.785
a,0.41,-0.09,9.79,7.796
a,0.41,-0.05,9.75,7.806
a,0.37,-0.05,9.75,7.815
a,0.41,-0.09,9.75,7.825
rv,0.50,-0.02,-0.01,-0.86,7.834
rv,0.50,-0.02,-0.01,-0.86,7.843
rv,0.50,-0.02,-0.01,-0.86,7.854
rv,0.50,-0.02,-0.01,-0.86,7.863
rv,0.50,-0.02,-0.01,-0.86,7.873
rv,0.50,-0.02,-0.01,-0.86,7.883
rv,0.50,-0.02,-0.01,-0.86,7.893
rv,0.50,-0.02,-0.01,-0.86,7.903
rv,0.50,-0.02,-0.01,-0.86,7.913
a,0.45,-0.02,9.75,7.920
a,0.41,-0.09,9.75,7.933
rv,0.50,-0.02,-0.01,-0.86,7.945
a,0.37,-0.05,9.79,7.956
a,0.41,-0.05,9.79,7.966
a,0.45,-0.05,9.79,7.975
rv,0.50,-0.02,-0.01,-0.86,7.984
a,0.41,-0.05,9.79,7.994
rv,0.50,-0.02,-0.01,-0.86,8.004
rv,0.50,-0.02,-0.01,-0.86,8.013
rv,0.50,-0.02,-0.01,-0.86,8.023
rv,0.50,-0.02,-0.01,-0.86,8.033
rv,0.50,-0.02,-0.01,-0.86,8.043
rv,0.50,-0.02,-0.01,-0.86,8.053
rv,0.50,-0.02,-0.01,-0.86,8.063
rv,0.50,-0.02,-0.01,-0.86,8.073
g,0.00,0.00,0.00,8.082
a,0.41,-0.05,9.79,8.090
g,0.00,0.00,0.00,8.098
g,0.00,0.00,0.00,8.111
a,0.41,-0.09,9.75,8.122
a,0.45,-0.05,9.79,8.131
a,0.41,-0.05,9.79,8.141
a,0.45,-0.02,9.79,8.150
a,0.41,-0.02,9.79,8.160
a,0.45,-0.05,9.79,8.169
g,0.00,0.00,0.00,8.178
m,-30.25,-14.88,-16.06,8.188
m,-30.69,-14.94,-16.56,8.198
a,0.41,-0.05,9.79,8.206
a,0.45,-0.05,9.75,8.216
a,0.45,-0.05,9.75,8.225
a,0.41,-0.05,9.83,8.235
a,0.41,-0.05,9.75,8.244
a,0.41,-0.05,9.79,8.254
a,0.41,-0.09,9.75,8.263
rv,0.50,-0.02,-0.01,-0.86,8.273
g,0.00,0.00,0.00,8.281
a,0.41,-0.09,9.87,8.290
a,0.45,-0.05,9.79,8.303
rv,0.50,-0.02,-0.01,-0.86,8.316
a,0.41,-0.05,9.79,8.327
a,0.41,-0.05,9.79,8.336
a,0.41,-0.05,9.83,8.346
a,0.41,-0.05,9.79,8.355
a,0.41,-0.05,9.79,8.365
a,0.41,-0.02,9.79,8.374
a,0.41,-0.05,9.79,8.384
a,0.41,-0.05,9.79,8.393
rv,0.50,-0.02,-0.01,-0.86,8.403
g,0.00,0.00,0.00,8.411
a,0.41,-0.05,9.79,8.420
a,0.45,-0.05,9.79,8.429
g,0.00,0.00,0.00,8.438
g,0.00,0.00,0.00,8.447
m,-29.38,-13.81,-16.75,8.457
a,0.41,-0.05,9.75,8.465
rv,0.50,-0.02,-0.01,-0.86,8.474
rv,0.50,-0.02,-0.01,-0.86,8.488
g,0.00,0.00,0.00,8.502
a,0.41,-0.05,9.75,8.513
g,0.00,0.00,0.00,8.523
rv,0.50,-0.02,-0.01,-0.86,8.535
a,0.41,-0.05,9.79,8.545
a,0.45,-0.05,9.75,8.555
a,0.41,-0.05,9.75,8.564
rv,0.50,-0.02,-0.01,-0.86,8.574
rv,0.50,-0.02,-0.01,-0.86,8.583
g,0.00,0.00,0.00,8.592
a,0.41,-0.05,9.79,8.601
a,0.45,-0.05,9.79,8.610
a,0.45,-0.02,9.83,8.619
g,0.00,0.00,0.00,8.628
g,0.00,0.00,0.00,8.636
a,0.41,-0.05,9.79,8.645
a,0.41,-0.05,9.75,8.654
rv,0.50,-0.02,-0.01,-0.86,8.664
a,0.41,-0.05,9.79,8.674
rv,0.50,-0.02,-0.01,-0.86,8.687
a,0.41,-0.05,9.75,8.697
m,-29.12,-14.75,-16.38,8.709
m,-30.00,-15.56,-16.06,8.719
g,0.00,0.00,0.00,8.729
g,0.00,0.00,0.00,8.739
a,0.41,-0.05,9.75,8.750
g,0.00,0.00,0.00,8.759
m,-29.56,-14.81,-16.81,8.768
g,0.00,0.00,0.00,8.779
g,0.00,0.00,0.00,8.788
m,-29.88,-14.81,-16.06,8.797
a,0.41,-0.02,9.75,8.805
a,0.41,-0.05,9.75,8.815
a,0.41,-0.05,9.75,8.824
rv,0.50,-0.02,-0.01,-0.86,8.834
rv,0.50,-0.02,-0.01,-0.86,8.843
rv,0.50,-0.02,-0.01,-0.86,8.854
rv,0.50,-0.02,-0.01,-0.86,8.868
m,-28.31,-13.94,-16.69,8.880
a,0.41,-0.02,9.79,8.887
a,0.41,-0.02,9.75,8.897
a,0.45,-0.02,9.75,8.907
a,0.41,-0.05,9.79,8.916
rv,0.50,-0.02,-0.01,-0.86,8.925
a,0.45,-0.09,9.79,8.935
rv,0.50,-0.02,-0.01,-0.86,8.944
rv,0.50,-0.02,-0.01,-0.86,8.954
rv,0.50,-0.02,-0.01,-0.86,8.964
rv,0.50,-0.02,-0.01,-0.86,8.973
rv,0.50,-0.02,-0.01,-0.86,8.984
rv,0.50,-0.02,-0.01,-0.86,8.993
g,0.00,0.00,0.00,9.002
a,0.41,-0.05,9.75,9.010
g,0.00,0.00,0.00,9.019
g,0.00,0.00,0.00,9.029
g,0.00,0.00,0.00,9.054
a,0.41,-0.05,9.79,9.068
rv,0.50,-0.02,-0.01,-0.86,9.079
m,-29.50,-14.75,-16.00,9.090
a,0.45,-0.05,9.75,9.101
a,0.41,-0.05,9.75,9.110
a,0.41,-0.05,9.87,9.120
a,0.45,0.06,9.79,9.129
g,0.00,0.00,0.07,9.139
m,-29.19,-15.06,-16.44,9.148
m,-29.75,-14.12,-16.00,9.158
a,0.45,-0.02,9.79,9.167
a,0.45,-0.02,9.75,9.176
a,0.45,-0.09,9.79,9.185
a,0.45,-0.05,9.79,9.195
a,0.41,-0.05,9.83,9.204
rv,0.50,-0.02,-0.01,-0.86,9.214
rv,0.50,-0.02,-0.01,-0.86,9.224
rv,0.50,-0.02,-0.01,-0.86,9.234
rv,0.50,-0.02,-0.01,-0.86,9.249
g,0.00,-0.01,0.00,9.262
a,0.41,-0.05,9.79,9.273
a,0.45,-0.02,9.79,9.283
a,0.41,-0.02,9.79,9.292
a,0.45,-0.13,9.79,9.302
a,0.33,-0.17,9.95,9.311
g,0.00,-0.03,0.01,9.320
g,0.00,-0.02,0.01,9.329
g,0.00,-0.01,0.00,9.340
g,0.00,-0.01,0.00,9.350
g,-0.00,-0.01,0.00,9.360
a,0.48,-0.02,9.75,9.371
a,0.45,0.10,9.75,9.381
a,0.45,0.18,9.79,9.390
g,-0.00,-0.01,0.08,9.399
g,0.00,-0.01,0.08,9.409
g,0.00,-0.01,0.05,9.419
m,-29.38,-13.44,-16.75,9.429
m,-29.06,-13.75,-17.12,9.442
a,0.48,-0.05,9.79,9.454
rv,0.50,-0.02,-0.01,-0.86,9.466
a,0.41,-0.02,9.75,9.477
a,0.48,-0.05,9.75,9.486
a,0.45,-0.05,9.79,9.496
a,0.45,-0.09,9.79,9.505
a,0.45,-0.05,9.79,9.516
a,0.48,-0.05,9.79,9.525
rv,0.50,-0.02,-0.01,-0.86,9.534
g,0.00,-0.00,0.00,9.543
a,0.48,-0.13,9.79,9.551
a,0.45,-0.02,9.83,9.560
g,-0.00,-0.00,-0.00,9.569
g,0.00,0.00,-0.00,9.577
a,0.48,-0.02,9.83,9.586
a,0.45,-0.05,9.83,9.595
a,0.48,-0.05,9.83,9.606
a,0.45,-0.05,9.75,9.615
rv,0.50,-0.02,-0.01,-0.86,9.624
rv,0.50,-0.02,-0.01,-0.86,9.638
a,0.45,-0.05,9.71,9.649
m,-28.62,-13.94,-15.88,9.660
g,-0.00,0.00,0.00,9.670
g,-0.00,0.00,-0.00,9.681
a,0.48,-0.05,9.79,9.691
g,-0.00,0.00,-0.00,9.700
m,-29.56,-15.12,-16.44,9.709
g,-0.00,0.00,-0.00,9.720
a,0.45,-0.05,9.79,9.730
g,0.00,-0.00,-0.01,9.739
m,-29.88,-14.19,-17.19,9.749
m,-30.19,-14.50,-16.06,9.759
m,-29.44,-14.06,-16.38,9.769
m,-30.12,-14.19,-16.06,9.778
a,0.48,0.10,9.79,9.786
a,0.48,-0.05,9.83,9.796
a,0.45,-0.02,9.75,9.805
a,0.45,-0.02,9.79,9.820
g,-0.00,-0.00,-0.00,9.832
a,0.45,-0.13,9.79,9.842
a,0.45,-0.21,9.79,9.852
a,0.37,-0.29,9.75,9.861
a,0.48,-0.21,9.75,9.871
a,0.45,-0.05,9.79,9.880
g,0.00,0.00,-0.09,9.890
m,-29.06,-14.38,-15.94,9.899
m,-28.75,-14.00,-17.06,9.908
a,0.48,-0.09,9.83,9.916
a,0.52,-0.05,9.79,9.926
a,0.52,-0.21,9.75,9.935
a,0.52,-0.25,9.75,9.946
a,0.48,-0.02,9.71,9.955
rv,0.50,-0.02,-0.01,-0.87,9.964
g,0.01,0.02,-0.10,9.972
a,0.37,0.10,9.79,9.981
a,0.41,0.06,9.79,9.991
g,0.00,0.03,-0.02,10.000
g,-0.01,0.05,-0.00,10.013
a,0.45,0.25,9.71,10.024
rv,0.50,-0.02,-0.01,-0.87,10.037
a,0.41,0.60,9.83,10.047
a,0.52,0.14,9.83,10.057
a,0.37,-0.29,9.83,10.066
a,0.45,-0.40,9.83,10.076
a,0.41,-0.48,9.79,10.085
a,0.41,-0.17,9.79,10.096
a,0.45,-0.05,9.75,10.105
rv,0.51,-0.02,-0.01,-0.86,10.114
g,0.00,0.01,0.11,10.122
a,0.45,-0.05,9.75,10.131
a,0.48,-0.17,9.75,10.141
g,-0.00,0.01,0.10,10.150
g,0.00,0.00,0.08,10.159
g,-0.00,0.00,0.07,10.170
m,-29.00,-14.00,-16.38,10.180
g,0.00,0.00,0.06,10.191
a,0.45,-0.09,9.79,10.205
rv,0.51,-0.02,-0.01,-0.86,10.218
a,0.41,-0.09,9.79,10.229
m,-29.38,-13.81,-16.75,10.240
g,0.00,-0.00,0.05,10.251
g,0.01,0.00,0.05,10.261
a,0.45,-0.21,9.83,10.271
a,0.45,-0.13,9.79,10.282
a,0.41,-0.02,9.75,10.291
g,0.00,0.00,0.00,10.300
g,-0.00,0.00,-0.01,10.309
m,-29.69,-13.12,-17.12,10.319
g,-0.00,-0.01,-0.08,10.330
g,-0.01,0.00,-0.07,10.340
a,0.37,0.10,9.79,10.351
g,-0.01,0.00,-0.02,10.360
m,-30.25,-14.25,-17.25,10.370
g,-0.01,0.00,-0.01,10.381
g,-0.01,0.00,-0.02,10.391
a,0.37,-0.29,9.75,10.406
a,0.45,-0.02,9.83,10.419
a,0.52,0.14,9.79,10.429
m,-29.69,-13.81,-16.00,10.440
g,-0.01,-0.00,-0.04,10.452
a,0.45,0.02,9.75,10.462
a,0.48,-0.05,9.79,10.472
a,0.45,-0.02,9.75,10.481
a,0.45,-0.09,9.79,10.491
a,0.45,-0.09,9.79,10.500
g,-0.00,-0.01,0.00,10.510
g,0.00,0.00,-0.01,10.518
a,0.45,-0.09,9.79,10.527
a,0.48,-0.05,9.79,10.536
a,0.41,-0.05,9.79,10.546
a,0.45,-0.05,9.79,10.555
rv,0.51,-0.02,-0.01,-0.86,10.565
rv,0.51,-0.02,-0.01,-0.86,10.575
rv,0.51,-0.02,-0.01,-0.86,10.585
rv,0.51,-0.02,-0.01,-0.86,10.599
m,-30.25,-14.56,-16.88,10.611
g,-0.00,-0.00,-0.00,10.622
a,0.48,-0.09,9.75,10.632
a,0.45,-0.05,9.79,10.642
a,0.48,-0.09,9.75,10.652
a,0.45,-0.09,9.75,10.662
a,0.45,-0.05,9.79,10.671
g,0.00,-0.00,-0.03,10.680
m,-30.25,-14.56,-16.50,10.690
m,-29.81,-13.88,-16.81,10.700
m,-28.62,-14.31,-15.88,10.710
m,-30.25,-14.56,-16.88,10.720
m,-30.12,-14.50,-15.69,10.730
m,-29.25,-13.75,-15.56,10.740
m,-30.25,-14.56,-16.50,10.750
m,-29.88,-14.50,-16.44,10.760
m,-29.69,-14.38,-14.88,10.774
a,0.48,-0.05,9.75,10.787
a,0.48,-0.05,9.79,10.800
m,-28.94,-13.38,-16.31,10.811
m,-29.19,-15.06,-16.44,10.821
g,0.00,0.00,-0.03,10.831
a,0.48,-0.09,9.79,10.842
a,0.48,-0.05,9.75,10.852
g,-0.00,-0.00,-0.02,10.861
g,0.00,-0.00,-0.02,10.870
g,0.00,-0.01,-0.02,10.881
g,-0.00,-0.01,-0.02,10.891
g,-0.01,-0.00,-0.03,10.901
g,-0.00,-0.01,-0.02,10.911
g,0.00,-0.00,-0.02,10.921
g,-0.01,-0.01,-0.02,10.931
g,-0.01,-0.00,-0.01,10.941
g,-0.00,-0.01,-0.01,10.950
g,-0.00,-0.01,-0.01,10.965
a,0.48,-0.09,9.79,10.976
rv,0.50,-0.02,-0.01,-0.86,10.988
a,0.52,-0.05,9.79,10.999
a,0.52,-0.05,9.75,11.008
a,0.52,-0.05,9.75,11.018
a,0.52,-0.05,9.68,11.027
a,0.45,-0.02,9.91,11.037
a,0.60,-0.21,9.52,11.046
rv,0.50,-0.02,-0.01,-0.86,11.055
rv,0.50,-0.02,-0.01,-0.86,11.065
rv,0.50,-0.02,-0.01,-0.86,11.076
rv,0.50,-0.02,-0.01,-0.86,11.086
rv,0.50,-0.02,-0.01,-0.87,11.095
