4.70,3.91,5.69,1.86,0.74,1.76,0.039,
6.04,3.80,7.03,2.22,1.04,1.23,0.050,
5.43,3.57,6.84,2.22,1.04,1.23,0.055,
5.43,3.57,6.84,2.22,1.04,1.23,0.056,
5.62,3.38,6.07,2.35,0.86,1.01,0.065,
5.62,3.38,6.07,2.35,0.86,1.01,0.066,
5.62,3.38,6.07,2.54,0.89,0.79,0.073,
6.93,3.11,6.11,2.54,0.89,0.79,0.077,
6.65,2.88,5.99,2.52,1.03,0.86,0.086,
6.65,2.88,5.99,2.50,1.04,0.94,0.089,
6.77,2.61,5.96,2.50,1.04,0.94,0.095,
6.77,2.61,5.96,2.50,1.04,0.94,0.096,
6.73,2.73,6.22,2.35,1.08,0.88,0.104,
6.73,2.73,6.22,2.35,1.08,0.88,0.106,
6.81,2.34,6.76,2.01,1.21,0.75,0.111,
6.81,2.34,6.76,2.01,1.21,0.75,0.112,
6.81,2.34,6.76,2.01,1.21,0.75,0.114,
6.81,2.34,6.76,2.01,1.21,0.75,0.115,
6.81,2.34,6.76,2.01,1.21,0.75,0.116,
6.81,2.34,6.76,1.67,1.39,0.60,0.125,
6.85,2.11,7.22,1.48,1.54,0.56,0.134,
6.73,2.30,6.96,1.48,1.54,0.56,0.135,
6.73,2.30,6.96,1.48,1.54,0.56,0.136,
6.54,2.34,6.80,1.45,1.65,0.66,0.145,
6.54,2.34,6.80,1.45,1.65,0.66,0.146,
6.39,2.77,6.68,1.53,1.73,0.69,0.156,
6.62,2.92,6.80,1.68,1.83,0.72,0.164,
6.62,2.92,6.80,1.68,1.83,0.72,0.167,
6.65,2.92,7.18,1.76,1.93,0.72,0.175,
6.65,2.92,7.18,1.76,1.93,0.72,0.176,
6.43,3.07,7.61,1.77,2.05,0.68,0.184,
5.89,2.69,7.72,1.71,2.11,0.79,0.192,
5.89,2.69,7.72,1.71,2.11,0.79,0.192,
5.89,2.69,7.72,1.71,2.11,0.79,0.194,
5.89,2.69,7.72,1.71,2.11,0.79,0.195,
5.89,2.69,7.72,1.53,2.02,0.89,0.205,
6.00,2.73,7.68,1.34,1.98,0.95,0.213,
5.50,2.42,7.87,1.34,1.98,0.95,0.215,
5.50,2.42,7.87,1.34,1.98,0.95,0.216,
5.24,2.34,7.37,1.22,1.97,0.90,0.227,
5.24,2.34,7.37,1.14,1.94,0.86,0.231,
5.27,2.34,7.07,1.14,1.94,0.86,0.236,
5.16,2.54,6.99,1.19,1.85,0.81,0.244,
5.16,2.54,6.99,1.19,1.85,0.81,0.246,
5.01,2.69,6.76,1.18,1.78,0.79,0.254,
5.01,2.69,6.64,1.10,1.80,0.80,0.262,
4.59,1.92,6.57,1.10,1.80,0.80,0.266,
4.59,1.92,6.57,1.13,1.94,0.77,0.270,
4.59,1.92,6.57,1.13,1.94,0.77,0.271,
4.59,1.92,6.57,1.13,1.94,0.77,0.273,
4.59,1.92,6.57,1.13,1.94,0.77,0.274,
4.59,1.92,6.57,1.13,1.94,0.77,0.275,
4.59,1.92,6.57,1.13,1.94,0.77,0.276,
5.46,3.34,6.99,2.22,1.32,0.64,0.286,
6.39,4.41,7.75,2.38,1.21,0.60,0.293,
6.50,4.53,7.68,2.38,1.21,0.60,0.298,
5.89,4.30,8.07,1.85,1.43,0.67,0.306,
5.89,4.30,8.07,1.64,1.51,0.96,0.310,
5.24,3.99,8.10,1.64,1.51,0.96,0.315,
5.24,3.99,8.10,1.64,1.51,0.96,0.316,
4.70,3.53,8.33,1.48,1.55,1.09,0.323,
4.70,3.53,8.33,1.48,1.55,1.09,0.325,
4.70,3.53,8.33,1.35,1.45,1.05,0.332,
4.55,3.45,8.02,1.35,1.45,1.05,0.336,
4.70,3.41,7.83,1.28,1.29,0.99,0.345,
4.70,3.41,7.83,1.23,1.22,0.93,0.349,
4.70,3.41,7.83,1.23,1.22,0.93,0.350,
4.70,3.41,7.83,1.23,1.22,0.93,0.351,
4.70,3.41,7.83,1.23,1.22,0.93,0.355,
4.70,3.41,7.83,1.23,1.22,0.93,0.357,
4.70,3.41,7.83,1.22,1.20,0.90,0.364,
4.39,3.41,7.87,1.25,1.14,0.86,0.371,
4.13,3.49,7.91,1.25,1.14,0.86,0.376,
4.20,3.64,7.91,1.27,1.05,0.78,0.385,
4.20,3.64,7.91,1.27,1.05,0.78,0.386,
4.63,3.99,7.87,1.27,0.92,0.66,0.394,
4.63,3.99,7.87,1.27,0.92,0.66,0.395,
4.63,3.99,7.87,1.23,0.80,0.57,0.402,
4.70,3.95,7.79,1.23,0.80,0.57,0.403,
5.08,4.22,7.72,1.23,0.77,0.58,0.410,
5.08,4.22,7.72,1.23,0.77,0.58,0.411,
5.05,4.30,7.75,1.23,0.77,0.58,0.416,
4.93,4.49,7.99,1.22,0.74,0.62,0.424,
4.93,4.49,7.99,1.22,0.74,0.62,0.427,
5.12,4.64,7.95,1.17,0.62,0.63,0.435,
5.12,4.64,7.95,1.08,0.50,0.61,0.442,
5.39,4.41,7.95,1.08,0.50,0.61,0.446,
5.39,4.41,7.95,1.08,0.43,0.57,0.451,
5.27,4.37,7.99,1.08,0.43,0.57,0.456,
5.20,4.11,8.17,1.02,0.38,0.51,0.464,
5.20,4.11,8.17,1.02,0.38,0.51,0.465,
5.20,4.11,8.17,1.01,0.29,0.44,0.473,
5.31,4.22,8.10,1.01,0.29,0.44,0.474,
5.27,4.14,8.14,0.94,0.17,0.33,0.482,
5.39,4.18,8.21,0.94,0.17,0.33,0.486,
5.39,4.18,8.21,0.87,0.02,0.21,0.489,
5.39,4.18,8.21,0.87,0.02,0.21,0.491,
5.39,4.18,8.21,0.87,0.02,0.21,0.493,
5.39,4.18,8.21,0.87,0.02,0.21,0.494,
5.39,4.18,8.21,0.87,0.02,0.21,0.496,
6.16,4.45,8.37,0.83,-0.15,0.13,0.506,
6.58,4.56,8.33,0.75,-0.28,0.05,0.514,
6.96,4.60,8.25,0.68,-0.31,-0.02,0.525,
7.73,4.83,8.02,0.59,-0.28,-0.09,0.534,
7.73,4.83,8.02,0.59,-0.28,-0.09,0.535,
7.54,4.95,7.87,0.55,-0.28,-0.10,0.543,
7.54,4.95,7.87,0.55,-0.28,-0.10,0.545,
7.50,4.91,7.87,0.43,-0.30,-0.06,0.552,
7.50,4.91,7.87,0.43,-0.30,-0.06,0.553,
7.27,4.79,7.91,0.25,-0.35,0.01,0.560,
7.27,4.79,7.91,0.25,-0.35,0.01,0.562,
6.73,4.37,7.72,0.25,-0.35,0.01,0.566,
6.20,4.11,7.45,0.03,-0.41,0.01,0.574,
6.20,4.11,7.45,0.03,-0.41,0.01,0.575,
5.58,3.68,7.11,-0.17,-0.45,-0.03,0.583,
5.58,3.68,7.11,-0.17,-0.45,-0.03,0.584,
5.16,3.41,6.68,-0.32,-0.41,-0.06,0.592,
4.59,3.07,6.22,-0.32,-0.41,-0.06,0.596,
4.13,2.84,5.77,-0.38,-0.34,-0.07,0.605,
4.13,2.84,5.77,-0.38,-0.26,-0.12,0.612,
4.01,2.96,5.38,-0.38,-0.26,-0.12,0.614,
4.01,2.96,5.38,-0.38,-0.26,-0.12,0.615,
4.16,3.07,4.89,-0.32,-0.18,-0.13,0.623,
4.20,3.34,4.42,-0.23,-0.08,-0.04,0.632,
4.05,3.38,4.12,-0.23,-0.08,-0.04,0.636,
4.09,3.41,3.81,-0.16,0.00,0.09,0.645,
4.09,3.41,3.81,-0.16,0.00,0.09,0.646,
4.05,3.45,3.46,-0.05,0.06,0.21,0.653,
4.05,3.45,3.46,-0.05,0.06,0.21,0.654,
4.05,3.45,3.46,0.07,0.12,0.31,0.662,
4.24,3.61,3.20,0.07,0.12,0.31,0.666,
4.24,3.61,3.20,0.18,0.13,0.39,0.671,
4.47,3.57,3.27,0.18,0.13,0.39,0.676,
4.63,3.49,3.46,0.28,0.14,0.48,0.684,
4.63,3.49,3.46,0.28,0.14,0.48,0.686,
4.63,3.49,3.46,0.40,0.16,0.55,0.694,
5.28,3.53,3.93,0.50,0.17,0.61,0.701,
5.50,3.72,4.19,0.50,0.17,0.61,0.706,
5.85,4.07,4.42,0.55,0.13,0.64,0.715,
5.85,4.07,4.42,0.55,0.06,0.66,0.723,
6.20,4.30,4.58,0.55,0.06,0.66,0.724,
6.20,4.30,4.58,0.55,0.06,0.66,0.726,
6.42,4.56,4.84,0.56,0.02,0.70,0.733,
6.65,5.14,5.07,0.60,-0.01,0.71,0.741,
6.93,5.60,5.30,0.60,-0.01,0.71,0.746,
6.93,5.60,5.30,0.61,-0.07,0.74,0.749,
7.11,6.10,5.57,0.61,-0.07,0.74,0.754,
7.11,6.10,5.57,0.61,-0.07,0.74,0.756,
7.61,6.44,5.84,0.52,-0.15,0.79,0.764,
7.61,6.44,5.84,0.52,-0.15,0.79,0.765,
7.61,6.44,5.84,0.52,-0.15,0.79,0.767,
6.58,6.29,5.99,0.19,-0.24,0.78,0.780,
6.35,6.25,6.15,0.19,-0.24,0.78,0.785,
6.00,6.40,6.26,0.16,-0.22,0.80,0.794,
6.00,6.40,6.26,0.16,-0.22,0.80,0.795,
6.00,6.40,6.26,0.11,-0.16,0.83,0.803,
5.66,6.44,6.30,0.11,-0.16,0.83,0.804,
5.39,6.44,6.15,0.07,-0.08,0.89,0.811,
5.08,6.48,5.84,0.07,-0.08,0.89,0.816,
4.89,6.44,5.54,0.10,0.04,0.94,0.824,
4.89,6.44,5.54,0.10,0.04,0.94,0.825,
4.78,6.52,5.27,0.20,0.22,0.97,0.834,
4.78,6.52,5.27,0.20,0.22,0.97,0.835,
4.78,6.52,5.27,0.34,0.37,1.00,0.843,
4.86,6.68,5.00,0.45,0.48,1.03,0.850,
4.82,6.75,4.84,0.45,0.48,1.03,0.851,
4.82,6.75,4.84,0.45,0.48,1.03,0.853,
4.82,6.75,4.84,0.45,0.48,1.03,0.854,
4.82,6.75,4.84,0.45,0.48,1.03,0.855,
4.82,6.75,4.84,0.45,0.48,1.03,0.857,
4.86,6.64,4.42,0.57,0.55,1.06,0.874,
4.86,6.64,4.42,0.57,0.55,1.06,0.875,
4.93,6.71,4.46,0.62,0.56,1.03,0.883,
4.97,6.64,4.46,0.62,0.56,1.03,0.886,
4.97,6.64,4.46,0.65,0.53,0.99,0.891,
5.08,6.60,4.46,0.65,0.53,0.99,0.896,
5.12,6.74,4.61,0.71,0.49,0.93,0.903,
5.12,6.74,4.61,0.71,0.49,0.93,0.905,
5.16,6.71,4.77,0.75,0.47,0.87,0.914,
5.16,6.64,5.00,0.74,0.44,0.81,0.922,
5.12,6.48,5.19,0.74,0.44,0.81,0.926,
5.12,6.48,5.19,0.71,0.42,0.75,0.930,
5.12,6.33,5.30,0.71,0.42,0.75,0.935,
5.05,6.25,5.54,0.69,0.42,0.69,0.943,
5.05,6.25,5.54,0.69,0.42,0.69,0.944,
5.05,6.25,5.54,0.65,0.41,0.63,0.952,
5.05,6.13,5.69,0.65,0.41,0.63,0.953,
5.01,5.91,5.80,0.61,0.39,0.61,0.961,
4.97,5.71,5.80,0.61,0.39,0.61,0.965,
4.89,5.64,5.88,0.63,0.42,0.61,0.974,
4.89,5.64,5.88,0.63,0.42,0.61,0.975,
4.82,5.60,5.95,0.67,0.48,0.62,0.984,
4.82,5.60,5.95,0.67,0.48,0.62,0.985,
4.78,5.52,5.91,0.73,0.52,0.65,0.992,
4.74,5.45,5.96,0.79,0.57,0.68,0.999,
4.74,5.45,5.96,0.79,0.57,0.68,1.001,
4.66,5.48,6.03,0.79,0.57,0.68,1.006,
4.74,5.33,5.96,0.87,0.62,0.73,1.014,
4.74,5.33,5.96,0.87,0.62,0.73,1.015,
4.74,5.33,5.96,0.92,0.68,0.75,1.023,
4.70,5.29,5.99,0.92,0.68,0.75,1.024,
4.66,5.33,6.07,0.95,0.73,0.77,1.031,
4.66,5.33,6.07,0.95,0.73,0.77,1.033,
4.66,5.33,6.07,0.95,0.73,0.77,1.034,
4.66,5.33,6.07,0.95,0.73,0.77,1.035,
4.47,5.18,6.22,0.96,0.76,0.81,1.046,
4.59,5.06,6.18,0.94,0.76,0.85,1.054,
4.59,5.06,6.18,0.94,0.76,0.85,1.055,
4.32,4.95,6.11,0.92,0.79,0.87,1.063,
4.32,4.95,6.11,0.93,0.79,0.86,1.069,
4.39,4.83,6.04,0.93,0.79,0.86,1.071,
4.47,4.83,6.03,0.93,0.79,0.86,1.075,
4.51,4.79,6.07,0.97,0.82,0.87,1.084,
4.51,4.79,6.07,1.02,0.85,0.88,1.088,
4.55,4.79,6.15,1.02,0.85,0.88,1.094,
4.55,4.79,6.15,1.02,0.85,0.88,1.095,
4.55,4.79,6.15,1.07,0.88,0.88,1.103,
4.74,4.83,6.26,1.07,0.88,0.88,1.107,
4.74,4.83,6.26,1.10,0.89,0.88,1.110,
4.93,4.83,6.38,1.10,0.89,0.88,1.116,
5.16,4.83,6.54,1.13,0.91,0.88,1.124,
5.16,4.83,6.54,1.13,0.91,0.88,1.125,
5.16,4.83,6.54,1.15,0.94,0.88,1.133,
5.24,4.87,6.72,1.15,0.94,0.88,1.134,
5.35,4.87,6.88,1.16,0.96,0.88,1.142,
5.54,4.95,6.99,1.16,0.96,0.88,1.146,
5.54,4.95,6.99,1.15,0.95,0.88,1.149,
5.54,4.95,6.99,1.15,0.95,0.88,1.150,
5.54,4.95,6.99,1.15,0.95,0.88,1.151,
5.54,4.95,6.99,1.15,0.95,0.88,1.152,
5.54,4.95,6.99,1.15,0.95,0.88,1.154,
5.54,4.95,6.99,1.15,0.95,0.88,1.155,
5.85,4.98,7.53,1.07,0.93,0.86,1.165,
6.00,4.79,7.64,0.97,0.90,0.84,1.174,
6.08,4.68,7.68,0.91,0.90,0.84,1.181,
6.23,4.68,7.79,0.91,0.90,0.84,1.186,
6.35,4.64,7.91,0.88,0.93,0.84,1.195,
6.50,4.60,7.99,0.87,0.95,0.84,1.204,
6.50,4.60,7.99,0.87,0.95,0.84,1.205,
6.50,4.60,7.99,0.87,0.95,0.84,1.206,
6.85,4.75,8.33,0.88,0.98,0.84,1.216,
7.04,4.83,8.41,0.89,0.98,0.85,1.225,
7.04,4.83,8.41,0.91,0.97,0.87,1.229,
7.27,4.87,8.49,0.91,0.97,0.87,1.233,
7.27,4.87,8.49,0.91,0.97,0.87,1.235,
7.42,4.91,8.55,0.93,0.99,0.88,1.243,
7.42,4.91,8.55,0.93,0.99,0.88,1.244,
7.42,4.91,8.55,0.93,0.99,0.88,1.246,
7.23,4.91,8.53,0.93,1.02,0.92,1.256,
6.92,4.95,8.48,0.94,1.06,0.97,1.265,
6.92,4.95,8.48,0.95,1.12,1.06,1.268,
6.92,4.95,8.48,0.95,1.12,1.06,1.269,
6.92,4.95,8.48,0.95,1.12,1.06,1.271,
6.92,4.95,8.48,0.95,1.12,1.06,1.272,
6.92,4.95,8.48,0.95,1.12,1.06,1.274,
6.92,4.95,8.48,0.95,1.12,1.06,1.275,
6.92,4.95,8.48,0.95,1.12,1.06,1.275,
6.92,4.95,8.48,0.94,1.19,1.10,1.283,
5.39,4.95,7.79,0.94,1.25,1.12,1.290,
4.93,4.91,7.49,0.94,1.25,1.12,1.295,
4.51,4.91,7.18,0.96,1.32,1.10,1.304,
4.51,4.91,7.18,0.96,1.32,1.10,1.306,
4.05,4.87,6.98,0.98,1.42,1.07,1.314,
4.05,4.87,6.98,0.98,1.42,1.07,1.315,
4.05,4.87,6.98,1.00,1.49,1.01,1.322,
3.70,4.68,6.53,1.00,1.49,1.01,1.326,
3.70,4.68,6.53,1.02,1.59,0.95,1.330,
3.48,4.45,6.30,1.02,1.59,0.95,1.335,
3.36,4.37,6.11,1.07,1.69,0.90,1.344,
3.36,4.37,6.11,1.07,1.69,0.90,1.345,
3.36,4.34,6.00,1.14,1.79,0.83,1.353,
3.36,4.34,6.00,1.14,1.79,0.83,1.354,
4.01,4.07,5.65,1.33,1.99,0.67,1.369,
4.01,4.07,5.65,1.33,1.99,0.67,1.370,
4.01,4.07,5.65,1.33,1.99,0.67,1.373,
4.01,4.07,5.65,1.33,1.99,0.67,1.374,
4.01,4.07,5.65,1.33,1.99,0.67,1.375,
4.01,4.07,5.65,1.33,1.99,0.67,1.377,
4.97,3.76,5.91,1.41,2.03,0.58,1.384,
4.97,3.76,5.91,1.41,2.03,0.58,1.386,
6.16,3.49,6.22,1.47,1.93,0.51,1.400,
6.85,3.07,6.30,1.47,1.93,0.51,1.405,
6.85,3.07,6.30,1.43,1.83,0.46,1.409,
7.39,2.96,6.38,1.43,1.83,0.46,1.414,
7.39,2.96,6.38,1.43,1.83,0.46,1.415,
7.96,2.80,6.53,1.39,1.73,0.45,1.423,
7.96,2.80,6.53,1.39,1.73,0.45,1.425,
7.96,2.80,6.53,1.39,1.73,0.45,1.426,
8.07,2.54,7.11,1.27,1.64,0.69,1.440,
8.07,2.54,7.11,1.27,1.64,0.69,1.441,
7.81,2.34,7.07,1.27,1.64,0.69,1.445,
7.81,2.34,7.07,1.19,1.43,0.74,1.448,
7.81,2.34,7.07,1.19,1.43,0.74,1.449,
7.81,2.34,7.07,1.19,1.43,0.74,1.451,
7.81,2.34,7.07,1.19,1.43,0.74,1.452,
7.81,2.34,7.07,1.19,1.43,0.74,1.453,
7.81,2.34,7.07,1.19,1.43,0.74,1.455,
7.81,2.34,7.07,1.19,1.43,0.74,1.456,
7.45,2.23,7.14,1.10,1.19,0.74,1.464,
6.58,2.30,7.06,1.05,1.01,0.73,1.472,
6.20,2.54,7.26,1.05,1.01,0.73,1.476,
5.93,2.65,7.30,0.96,0.81,0.65,1.484,
5.93,2.65,7.30,0.86,0.68,0.58,1.493,
5.66,2.77,7.41,0.86,0.68,0.58,1.494,
5.66,2.77,7.41,0.86,0.68,0.58,1.495,
5.27,2.84,7.61,0.75,0.64,0.50,1.504,
5.01,2.84,7.68,0.58,0.57,0.39,1.512,
4.82,2.80,7.68,0.36,0.48,0.27,1.519,
4.86,2.65,7.64,0.36,0.48,0.27,1.524,
4.86,2.65,7.64,0.36,0.48,0.27,1.528,
4.86,2.54,7.41,0.04,0.43,0.13,1.542,
4.97,2.42,7.10,0.04,0.43,0.13,1.546,
4.97,2.42,7.10,-0.00,0.46,0.13,1.550,
5.08,2.42,6.84,-0.00,0.46,0.13,1.555,
5.08,2.46,6.72,0.01,0.51,0.20,1.564,
5.08,2.46,6.72,0.01,0.51,0.20,1.565,
5.20,2.42,6.54,0.07,0.54,0.29,1.573,
5.20,2.42,6.54,0.07,0.54,0.29,1.574,
5.31,2.57,6.34,0.16,0.56,0.41,1.582,
5.31,2.65,6.18,0.16,0.56,0.41,1.586,
5.43,2.69,6.11,0.30,0.60,0.55,1.594,
5.43,2.69,6.11,0.46,0.64,0.69,1.603,
5.39,2.84,5.96,0.46,0.64,0.69,1.604,
5.39,2.84,5.96,0.46,0.64,0.69,1.606,
5.50,3.15,6.04,0.59,0.67,0.81,1.613,
5.58,3.38,5.92,0.68,0.67,0.93,1.621,
5.50,3.49,5.84,0.68,0.67,0.93,1.625,
5.50,3.49,5.84,0.74,0.64,1.03,1.629,
5.46,3.68,5.65,0.74,0.64,1.03,1.634,
5.46,4.07,5.65,0.82,0.62,1.08,1.643,
5.46,4.07,5.65,0.82,0.62,1.08,1.645,
5.46,4.07,5.65,0.84,0.58,1.09,1.648,
5.46,4.07,5.65,0.84,0.58,1.09,1.650,
5.46,4.07,5.65,0.84,0.58,1.09,1.650,
5.46,4.07,5.65,0.84,0.58,1.09,1.651,
5.46,4.07,5.65,0.84,0.58,1.09,1.653,
5.46,4.07,5.65,0.84,0.58,1.09,1.654,
5.46,4.07,5.65,0.84,0.58,1.09,1.655,
5.24,4.60,5.73,0.78,0.51,1.06,1.665,
5.12,4.64,5.69,0.68,0.43,1.01,1.673,
5.12,4.64,5.69,0.68,0.43,1.01,1.675,
5.05,4.72,5.69,0.61,0.35,0.96,1.683,
5.05,4.72,5.69,0.61,0.35,0.96,1.684,
5.12,4.95,5.69,0.57,0.27,0.90,1.691,
5.08,4.75,5.65,0.40,0.16,0.79,1.705,
5.16,4.91,5.57,0.28,0.05,0.68,1.713,
5.16,4.91,5.57,0.28,0.05,0.68,1.714,
5.16,4.91,5.57,0.24,-0.01,0.65,1.722,
5.20,4.72,5.57,0.24,-0.01,0.65,1.723,
5.39,4.72,5.53,0.23,-0.05,0.64,1.731,
5.35,4.72,5.50,0.23,-0.05,0.64,1.734,
5.27,4.75,5.49,0.18,-0.10,0.58,1.743,
5.27,4.75,5.49,0.18,-0.10,0.58,1.745,
5.35,4.75,5.46,0.18,-0.15,0.55,1.752,
5.35,4.75,5.46,0.18,-0.15,0.55,1.754,
5.35,4.75,5.46,0.18,-0.15,0.55,1.755,
5.46,4.91,5.65,0.23,-0.18,0.54,1.766,
5.46,4.91,5.65,0.25,-0.25,0.51,1.772,
5.46,5.06,5.77,0.25,-0.25,0.51,1.775,
5.73,5.06,5.91,0.31,-0.31,0.52,1.783,
5.73,5.06,5.91,0.31,-0.31,0.52,1.785,
5.85,5.14,6.15,0.30,-0.40,0.47,1.793,
5.85,5.14,6.15,0.30,-0.40,0.47,1.794,
5.85,5.14,6.15,0.27,-0.49,0.43,1.805,
6.04,5.37,6.60,0.24,-0.59,0.42,1.809,
6.46,5.21,6.72,0.24,-0.59,0.42,1.814,
6.46,5.21,6.72,0.19,-0.64,0.37,1.822,
6.43,5.37,7.07,0.19,-0.64,0.37,1.824,
6.43,5.37,7.07,0.19,-0.64,0.37,1.825,
6.39,5.48,7.37,0.12,-0.66,0.33,1.833,
6.43,5.37,7.37,0.01,-0.71,0.29,1.841,
6.43,5.41,7.52,0.01,-0.71,0.29,1.845,
6.81,5.56,7.64,-0.06,-0.77,0.21,1.854,
6.81,5.56,7.64,-0.06,-0.77,0.21,1.855,
7.27,5.75,7.79,-0.10,-0.81,0.11,1.862,
7.27,5.75,7.79,-0.10,-0.81,0.11,1.864,
7.27,5.75,7.79,-0.10,-0.85,0.03,1.874,
8.64,5.95,8.52,-0.14,-0.88,-0.05,1.885,
8.64,5.95,8.52,-0.24,-0.94,-0.10,1.888,
8.64,5.95,8.52,-0.24,-0.94,-0.10,1.890,
8.64,5.95,8.52,-0.24,-0.94,-0.10,1.891,
8.64,5.95,8.52,-0.24,-0.94,-0.10,1.893,
8.64,5.95,8.52,-0.24,-0.94,-0.10,1.894,
8.64,5.95,8.52,-0.24,-0.94,-0.10,1.895,
5.24,3.07,5.69,0.45,0.36,-0.21,2.923,
5.24,3.07,5.69,0.45,0.36,-0.21,2.925,
5.16,3.03,5.69,0.42,0.34,-0.16,2.933,
5.20,3.15,5.53,0.39,0.28,-0.13,2.941,
5.20,3.22,5.46,0.39,0.28,-0.13,2.944,
5.20,3.22,5.46,0.38,0.23,-0.11,2.948,
5.16,3.38,5.50,0.38,0.23,-0.11,2.954,
5.20,3.61,5.34,0.41,0.14,-0.09,2.962,
5.20,3.61,5.34,0.41,0.14,-0.09,2.964,
5.20,3.61,5.34,0.35,0.04,-0.08,2.971,
5.28,3.57,5.27,0.35,0.04,-0.08,2.972,
5.39,3.57,5.19,0.26,-0.03,-0.09,2.980,
5.36,3.68,5.30,0.26,-0.03,-0.09,2.984,
5.36,3.68,5.30,0.18,-0.10,-0.11,2.989,
5.35,3.91,5.38,0.18,-0.10,-0.11,2.994,
5.39,3.64,5.38,0.07,-0.22,-0.13,3.002,
5.39,3.64,5.38,0.07,-0.22,-0.13,3.003,
5.39,3.64,5.38,0.02,-0.32,-0.14,3.011,
5.62,3.80,5.42,-0.01,-0.39,-0.13,3.018,
5.62,3.80,5.42,-0.01,-0.39,-0.13,3.020,
5.70,3.91,5.42,-0.01,-0.39,-0.13,3.024,
5.74,4.03,5.57,-0.07,-0.44,-0.13,3.032,
5.74,4.03,5.57,-0.07,-0.44,-0.13,3.034,
5.85,4.11,5.61,-0.13,-0.50,-0.11,3.042,
5.89,4.03,5.69,-0.18,-0.53,-0.06,3.050,
5.89,4.03,5.69,-0.18,-0.53,-0.06,3.051,
5.88,4.07,5.88,-0.18,-0.53,-0.06,3.056,
5.92,4.26,5.92,-0.19,-0.57,-0.02,3.064,
6.08,4.41,5.92,-0.21,-0.65,0.02,3.071,
6.08,4.41,5.92,-0.21,-0.65,0.02,3.073,
6.08,4.41,5.92,-0.27,-0.72,0.04,3.080,
5.96,4.68,5.92,-0.27,-0.72,0.04,3.082,
5.93,4.64,6.04,-0.33,-0.81,0.04,3.089,
6.12,4.79,6.03,-0.33,-0.81,0.04,3.094,
6.12,4.83,6.18,-0.32,-0.87,0.03,3.103,
6.12,4.83,6.18,-0.32,-0.87,0.03,3.104,
6.20,4.98,6.18,-0.31,-0.93,0.04,3.111,
6.20,4.98,6.18,-0.31,-0.93,0.04,3.113,
6.20,4.98,6.18,-0.33,-0.99,0.05,3.121,
6.27,5.21,6.34,-0.39,-1.06,0.07,3.127,
6.27,5.21,6.34,-0.39,-1.06,0.07,3.128,
6.27,5.21,6.34,-0.39,-1.06,0.07,3.130,
6.27,5.21,6.34,-0.39,-1.06,0.07,3.131,
6.27,5.21,6.34,-0.39,-1.06,0.07,3.132,
6.27,5.21,6.34,-0.39,-1.06,0.07,3.134,
6.27,5.21,6.34,-0.39,-1.06,0.07,3.135,
6.50,5.45,6.34,-0.40,-1.09,0.08,3.145,
6.77,5.83,6.41,-0.36,-1.12,0.08,3.152,
7.35,6.02,6.68,-0.36,-1.18,0.03,3.160,
8.26,6.48,7.11,-0.36,-1.18,0.03,3.164,
8.26,6.48,7.11,-0.37,-1.25,-0.04,3.169,
9.00,6.67,7.68,-0.37,-1.25,-0.04,3.174,
9.76,6.86,8.33,-0.41,-1.35,-0.07,3.184,
9.76,6.86,8.33,-0.53,-1.47,-0.10,3.191,
10.37,6.79,8.94,-0.53,-1.47,-0.10,3.195,
10.06,6.14,9.59,-0.94,-1.70,-0.08,3.208,
9.26,5.79,9.36,-0.94,-1.70,-0.08,3.213,
8.15,5.60,9.09,-1.15,-1.70,-0.01,3.222,
8.15,5.60,9.09,-1.15,-1.70,-0.01,3.223,
8.15,5.60,9.09,-1.15,-1.70,-0.01,3.224,
6.77,5.68,8.53,-1.27,-1.59,0.08,3.232,
5.24,5.68,7.87,-1.40,-1.46,0.16,3.239,
4.05,5.75,7.22,-1.40,-1.46,0.16,3.243,
2.86,5.75,6.46,-1.47,-1.29,0.21,3.252,
2.86,5.75,6.46,-1.47,-1.29,0.21,3.254,
2.13,6.25,5.73,-1.40,-1.10,0.21,3.263,
1.64,6.48,5.19,-1.38,-0.86,0.13,3.268,
1.64,6.48,5.19,-1.38,-0.86,0.13,3.270,
1.64,6.48,5.19,-1.38,-0.86,0.13,3.271,
1.64,6.48,5.19,-1.38,-0.86,0.13,3.273,
1.64,6.48,5.19,-1.38,-0.86,0.13,3.274,
1.64,6.48,5.19,-1.38,-0.86,0.13,3.275,
1.64,6.48,5.19,-1.22,-0.65,0.06,3.283,
1.83,6.78,3.85,-1.01,-0.46,0.04,3.291,
1.83,6.78,3.85,-1.01,-0.46,0.04,3.293,
1.83,6.78,3.85,-0.75,-0.26,0.07,3.300,
2.13,6.63,3.62,-0.75,-0.26,0.07,3.302,
2.52,6.75,3.46,-0.37,-0.11,0.08,3.309,
2.82,6.71,3.43,-0.37,-0.11,0.08,3.315,
3.32,6.64,3.54,-0.02,-0.06,0.07,3.322,
3.32,6.64,3.54,0.29,0.00,0.05,3.330,
3.59,6.44,3.73,0.29,0.00,0.05,3.332,
3.59,6.44,3.73,0.29,0.00,0.05,3.333,
4.51,6.98,3.89,0.56,0.02,-0.01,3.341,
4.93,6.79,4.46,0.64,0.07,-0.12,3.349,
5.16,6.82,5.04,0.64,0.07,-0.12,3.354,
5.70,6.86,5.54,0.58,0.04,-0.44,3.370,
6.16,6.86,5.77,0.58,0.04,-0.44,3.372,
6.16,6.86,5.77,0.58,0.04,-0.44,3.373,
6.35,6.55,5.96,0.38,0.04,-0.65,3.384,
6.35,6.55,5.96,0.11,-0.00,-0.90,3.388,
6.39,6.44,5.99,0.11,-0.00,-0.90,3.393,
6.58,6.17,5.88,-0.31,-0.15,-1.21,3.402,
6.58,6.17,5.88,-0.31,-0.15,-1.21,3.403,
6.58,6.17,5.88,-0.78,-0.29,-1.45,3.410,
6.30,5.75,5.77,-0.78,-0.29,-1.45,3.412,
6.16,5.10,5.50,-1.11,-0.36,-1.54,3.420,
6.04,4.79,5.15,-1.11,-0.36,-1.54,3.424,
5.93,4.56,4.80,-1.27,-0.32,-1.53,3.433,
5.93,4.56,4.80,-1.27,-0.32,-1.53,3.434,
5.88,4.49,4.42,-1.35,-0.25,-1.45,3.442,
5.88,4.49,4.42,-1.35,-0.25,-1.45,3.443,
5.88,4.49,4.42,-1.35,-0.25,-1.45,3.444,
5.58,4.22,3.50,-1.11,-0.17,-1.14,3.457,
5.58,4.22,3.50,-1.11,-0.17,-1.14,3.460,
5.50,3.88,3.35,-1.11,-0.17,-1.14,3.464,
5.50,4.14,3.20,-0.81,-0.07,-0.94,3.472,
5.50,4.14,3.20,-0.81,-0.07,-0.94,3.474,
5.46,4.18,3.16,-0.57,0.01,-0.71,3.482,
5.46,4.18,3.16,-0.57,0.01,-0.71,3.483,
5.46,4.18,3.16,-0.57,0.01,-0.71,3.484,
5.31,4.11,3.04,-0.20,0.10,-0.28,3.497,
5.31,4.11,3.04,-0.20,0.10,-0.28,3.498,
5.23,4.26,3.12,-0.20,0.10,-0.28,3.503,
5.16,4.41,3.31,-0.07,0.10,-0.09,3.512,
5.16,4.41,3.31,-0.07,0.10,-0.09,3.513,
5.16,4.41,3.31,-0.04,0.04,0.03,3.521,
5.12,4.56,3.46,-0.04,0.04,0.03,3.523,
5.05,4.75,3.58,-0.04,-0.04,0.11,3.529,
4.89,5.10,3.96,-0.09,-0.13,0.12,3.543,
4.93,5.18,4.08,-0.13,-0.22,0.11,3.551,
4.93,5.18,4.08,-0.13,-0.22,0.11,3.553,
4.93,5.18,4.08,-0.17,-0.28,0.10,3.560,
4.89,5.21,4.27,-0.17,-0.28,0.10,3.562,
4.82,5.25,4.58,-0.20,-0.31,0.07,3.568,
4.78,5.29,4.84,-0.20,-0.31,0.07,3.573,
4.82,5.21,5.07,-0.25,-0.36,0.04,3.582,
4.82,5.21,5.07,-0.25,-0.36,0.04,3.583,
4.86,5.18,5.27,-0.30,-0.39,0.03,3.591,
4.86,5.18,5.27,-0.30,-0.39,0.03,3.593,
4.86,5.18,5.27,-0.33,-0.39,0.04,3.600,
4.78,5.10,5.50,-0.33,-0.37,0.06,3.608,
4.82,5.06,5.65,-0.33,-0.37,0.06,3.613,
4.74,5.02,5.77,-0.33,-0.33,0.10,3.622,
4.74,5.02,5.77,-0.33,-0.33,0.10,3.623,
4.74,5.02,5.77,-0.32,-0.29,0.14,3.631,
4.74,4.98,5.80,-0.32,-0.29,0.14,3.632,
4.66,4.98,5.77,-0.32,-0.24,0.19,3.640,
4.59,4.98,5.80,-0.32,-0.24,0.19,3.644,
4.59,4.98,5.80,-0.32,-0.20,0.24,3.648,
4.47,5.02,5.80,-0.32,-0.20,0.24,3.653,
4.39,5.06,5.77,-0.33,-0.18,0.29,3.661,
4.39,5.06,5.77,-0.33,-0.18,0.29,3.663,
4.39,5.06,5.77,-0.34,-0.13,0.32,3.670,
4.36,5.14,5.73,-0.34,-0.13,0.32,3.672,
4.32,5.25,5.65,-0.36,-0.08,0.36,3.679,
4.28,5.29,5.50,-0.36,-0.08,0.36,3.684,
4.28,5.29,5.50,-0.38,-0.04,0.39,3.687,
4.28,5.29,5.50,-0.38,-0.04,0.39,3.689,
4.28,5.29,5.50,-0.38,-0.04,0.39,3.690,
4.28,5.29,5.50,-0.38,-0.04,0.39,3.691,
4.28,5.29,5.50,-0.38,-0.04,0.39,3.692,
4.28,5.29,5.50,-0.38,-0.04,0.39,3.693,
4.28,5.29,5.50,-0.38,-0.04,0.39,3.694,
4.20,5.41,5.30,-0.38,-0.02,0.42,3.704,
4.20,5.60,5.15,-0.37,0.02,0.46,3.717,
4.20,5.60,5.15,-0.37,0.02,0.46,3.719,
4.13,5.53,5.15,-0.37,0.02,0.46,3.725,
4.09,5.55,5.11,-0.34,0.06,0.50,3.732,
4.09,5.55,5.11,-0.34,0.06,0.50,3.733,
4.13,5.55,5.04,-0.33,0.05,0.53,3.741,
4.13,5.55,5.04,-0.33,0.05,0.53,3.742,
4.32,5.52,5.04,-0.30,0.07,0.59,3.750,
4.39,5.53,5.11,-0.30,0.07,0.59,3.754,
4.39,5.60,5.23,-0.24,0.13,0.66,3.762,
4.39,5.60,5.23,-0.24,0.13,0.66,3.764,
4.51,5.68,5.30,-0.19,0.16,0.73,3.772,
4.51,5.68,5.30,-0.19,0.16,0.73,3.773,
4.51,5.68,5.30,-0.17,0.16,0.79,3.780,
4.66,5.83,5.34,-0.14,0.18,0.84,3.787,
4.82,6.06,5.54,-0.14,0.18,0.84,3.790,
4.97,6.29,5.69,-0.14,0.18,0.84,3.793,
5.16,6.48,5.92,-0.14,0.20,0.86,3.802,
5.16,6.48,5.92,-0.14,0.20,0.86,3.804,
5.46,6.59,6.11,-0.17,0.18,0.84,3.812,
5.46,6.59,6.11,-0.17,0.18,0.84,3.813,
5.46,6.59,6.11,-0.20,0.14,0.83,3.823,
6.46,6.90,6.76,-0.21,0.11,0.84,3.827,
7.00,6.98,7.11,-0.21,0.11,0.84,3.833,
7.61,7.09,7.53,-0.18,0.09,0.87,3.842,
7.61,7.09,7.53,-0.18,0.09,0.87,3.843,
7.61,7.09,7.53,-0.10,0.06,0.92,3.851,
8.23,7.25,7.98,-0.10,0.06,0.92,3.852,
8.72,7.40,8.52,0.04,0.07,0.99,3.859,
8.91,7.63,9.05,0.04,0.07,0.99,3.864,
9.14,7.93,9.48,0.19,0.06,1.05,3.874,
9.22,7.97,9.75,0.27,0.04,1.11,3.882,
9.22,7.97,9.75,0.27,0.04,1.11,3.883,
8.99,7.90,9.86,0.36,0.10,1.20,3.891,
8.99,7.90,9.86,0.46,0.21,1.27,3.898,
8.34,7.74,9.74,0.46,0.21,1.27,3.900,
7.65,7.44,9.48,0.46,0.21,1.27,3.903,
6.73,7.25,9.13,0.56,0.30,1.33,3.912,
6.73,7.25,9.13,0.56,0.30,1.33,3.913,
5.70,6.94,8.75,0.66,0.43,1.39,3.921,
5.70,6.94,8.75,0.66,0.43,1.39,3.922,
5.70,6.94,8.75,0.66,0.43,1.39,3.924,
5.70,6.94,8.75,0.75,0.60,1.40,3.927,
5.70,6.94,8.75,0.75,0.60,1.40,3.929,
5.70,6.94,8.75,0.75,0.60,1.40,3.930,
4.74,6.63,8.25,0.75,0.60,1.40,3.934,
4.74,6.63,8.25,0.75,0.60,1.40,3.935,
3.21,6.29,7.07,0.84,0.79,1.36,3.943,
2.86,6.10,6.53,0.93,0.95,1.28,3.951,
2.86,6.10,6.53,0.93,0.95,1.28,3.952,
2.63,5.83,6.00,1.01,1.10,1.18,3.961,
2.63,5.83,6.00,1.01,1.10,1.18,3.962,
2.71,5.64,5.61,1.14,1.23,1.05,3.969,
2.82,5.45,5.38,1.14,1.23,1.05,3.974,
3.05,5.18,5.35,1.30,1.35,0.92,3.983,
3.05,5.18,5.35,1.30,1.35,0.92,3.983,
3.05,5.18,5.35,1.41,1.40,0.82,3.991,
3.36,4.87,5.34,1.41,1.40,0.82,3.993,
3.63,4.64,5.38,1.51,1.40,0.74,4.001,
3.93,4.37,5.46,1.60,1.37,0.67,4.008,
4.28,4.18,5.53,1.60,1.37,0.67,4.013,
4.51,3.99,5.80,1.67,1.32,0.60,4.022,
4.51,3.99,5.80,1.67,1.32,0.60,4.024,
4.82,3.80,6.07,1.73,1.26,0.54,4.031,
4.82,3.80,6.07,1.73,1.26,0.54,4.032,
4.82,3.80,6.07,1.79,1.16,0.41,4.046,
5.50,3.61,6.84,1.79,1.16,0.41,4.048,
5.50,3.61,6.84,1.79,1.16,0.41,4.049,
5.50,3.61,6.84,1.79,1.16,0.41,4.050,
5.50,3.61,6.84,1.79,1.16,0.41,4.052,
5.50,3.61,6.84,1.79,1.16,0.41,4.054,
5.50,3.61,6.84,1.73,1.10,0.35,4.064,
5.50,2.77,7.83,1.56,1.02,0.25,4.071,
5.39,2.65,8.14,1.43,0.91,0.13,4.079,
5.43,2.38,8.37,1.43,0.91,0.13,4.083,
5.70,2.00,8.79,1.27,0.83,0.04,4.092,
5.70,2.00,8.79,1.27,0.83,0.04,4.093,
5.81,1.61,8.79,1.04,0.74,-0.03,4.102,
5.81,1.61,8.79,1.04,0.74,-0.03,4.103,
5.12,1.08,8.94,0.82,0.67,-0.10,4.110,
5.27,0.89,8.68,0.72,0.56,-0.15,4.117,
5.27,0.89,8.68,0.72,0.56,-0.15,4.119,
5.35,0.89,8.71,0.72,0.56,-0.15,4.123,
5.39,0.81,8.64,0.62,0.45,-0.17,4.132,
5.39,0.81,8.64,0.62,0.45,-0.17,4.134,
5.62,0.93,8.56,0.59,0.36,-0.13,4.143,
5.62,0.93,8.56,0.58,0.41,-0.02,4.150,
5.35,1.04,8.48,0.58,0.41,-0.02,4.154,
5.27,1.04,8.29,0.58,0.48,0.12,4.162,
5.27,1.04,8.29,0.59,0.50,0.25,4.166,
5.16,1.12,8.18,0.59,0.50,0.25,4.171,
5.16,1.12,8.18,0.59,0.50,0.25,4.173,
5.05,1.19,8.02,0.62,0.55,0.38,4.181,
5.05,1.19,8.02,0.62,0.55,0.38,4.182,
4.89,1.31,7.95,0.68,0.58,0.51,4.189,
4.89,1.46,7.91,0.68,0.58,0.51,4.193,
4.89,1.54,7.87,0.75,0.60,0.63,4.202,
4.89,1.54,7.87,0.84,0.63,0.74,4.213,
4.89,1.69,7.79,0.96,0.65,0.85,4.222,
5.08,2.15,7.87,1.04,0.66,0.95,4.227,
5.08,2.15,7.87,1.04,0.66,0.95,4.229,
5.08,2.15,7.87,1.04,0.66,0.95,4.230,
5.08,2.15,7.87,1.04,0.66,0.95,4.231,
5.08,2.15,7.87,1.04,0.66,0.95,4.233,
5.08,2.15,7.87,1.04,0.66,0.95,4.233,
5.08,2.15,7.87,1.08,0.62,1.01,4.243,
5.39,2.61,7.91,1.09,0.61,1.04,4.251,
5.39,2.61,7.91,1.09,0.61,1.04,4.252,
5.39,2.61,7.91,1.13,0.66,1.08,4.260,
5.27,2.92,8.03,1.13,0.66,1.08,4.264,
5.27,2.92,8.03,1.12,0.69,1.10,4.269,
5.20,3.11,7.99,1.12,0.69,1.10,4.274,
5.20,3.30,7.95,1.09,0.68,1.08,4.281,
5.20,3.30,7.95,1.09,0.68,1.08,4.283,
5.20,3.30,7.95,1.06,0.69,1.06,4.290,
5.16,3.38,7.91,1.06,0.69,1.06,4.292,
5.12,3.53,7.83,1.03,0.69,1.03,4.300,
5.08,3.72,7.79,1.03,0.69,1.03,4.303,
5.12,3.88,7.75,1.01,0.68,0.99,4.312,
5.12,3.88,7.75,1.01,0.68,0.99,4.314,
5.01,3.95,7.72,0.97,0.68,0.94,4.321,
5.01,3.95,7.72,0.97,0.68,0.94,4.322,
5.01,3.95,7.72,0.95,0.66,0.89,4.330,
4.93,4.07,7.61,0.95,0.66,0.89,4.331,
4.89,4.14,7.45,0.92,0.62,0.82,4.339,
4.89,4.22,7.34,0.92,0.62,0.82,4.344,
4.89,4.22,7.34,0.91,0.57,0.74,4.347,
4.89,4.22,7.34,0.91,0.57,0.74,4.348,
4.89,4.22,7.34,0.91,0.57,0.74,4.350,
4.89,4.22,7.34,0.91,0.57,0.74,4.351,
4.89,4.22,7.34,0.91,0.57,0.74,4.352,
4.89,4.22,7.34,0.91,0.57,0.74,4.354,
4.89,4.22,7.34,0.91,0.57,0.74,4.355,
4.97,4.34,7.30,0.93,0.54,0.68,4.362,
4.86,4.22,7.41,0.92,0.55,0.61,4.374,
4.78,3.99,7.41,0.89,0.57,0.54,4.383,
4.78,3.99,7.41,0.84,0.57,0.47,4.386,
4.74,3.80,7.37,0.84,0.57,0.47,4.392,
4.74,3.80,7.37,0.84,0.57,0.47,4.393,
4.70,3.57,7.22,0.78,0.56,0.42,4.401,
4.70,3.57,7.22,0.78,0.56,0.42,4.402,
4.70,3.45,7.14,0.74,0.57,0.39,4.409,
4.74,3.38,7.02,0.74,0.57,0.39,4.413,
4.82,3.41,6.88,0.74,0.60,0.39,4.422,
4.82,3.41,6.88,0.76,0.63,0.42,4.425,
4.86,3.45,6.76,0.76,0.63,0.42,4.431,
4.86,3.45,6.76,0.76,0.63,0.42,4.433,
4.86,3.45,6.76,0.80,0.67,0.46,4.441,
4.93,3.57,6.64,0.80,0.67,0.46,4.442,
5.01,3.76,6.60,0.87,0.68,0.51,4.449,
5.05,3.91,6.53,0.87,0.68,0.51,4.453,
5.08,4.18,6.53,0.93,0.69,0.57,4.461,
5.08,4.18,6.53,0.93,0.69,0.57,4.463,
5.12,4.34,6.46,0.98,0.70,0.60,4.472,
5.12,4.34,6.46,0.98,0.70,0.60,4.473,
5.39,4.91,6.49,1.00,0.70,0.59,4.483,
5.39,4.91,6.49,1.03,0.65,0.56,4.488,
5.73,5.10,6.53,1.03,0.65,0.56,4.492,
5.96,5.21,6.76,0.95,0.55,0.48,4.501,
5.96,5.21,6.76,0.95,0.55,0.48,4.502,
5.96,5.21,6.76,0.85,0.45,0.38,4.506,
5.96,5.21,6.76,0.85,0.45,0.38,4.507,
5.96,5.21,6.76,0.85,0.45,0.38,4.509,
5.96,5.21,6.76,0.85,0.45,0.38,4.510,
5.96,5.21,6.76,0.85,0.45,0.38,4.511,
5.96,5.21,6.76,0.85,0.45,0.38,4.513,
5.96,5.21,6.76,0.85,0.45,0.38,4.514,
6.54,4.98,7.02,0.69,0.24,0.20,4.526,
6.54,4.98,7.02,0.69,0.24,0.20,4.531,
6.73,4.83,7.26,0.69,0.24,0.20,4.532,
6.81,4.68,7.57,0.63,0.16,0.14,4.542,
6.81,4.68,7.57,0.63,0.16,0.14,4.543,
6.85,4.64,7.83,0.57,0.11,0.10,4.551,
7.00,4.37,8.07,0.45,0.06,0.07,4.559,
6.85,4.34,8.14,0.45,0.06,0.07,4.563,
6.85,4.34,8.14,0.35,0.06,0.04,4.567,
6.58,4.26,8.07,0.35,0.06,0.04,4.572,
6.31,4.11,7.95,0.23,0.05,0.04,4.580,
6.31,4.11,7.95,0.23,0.05,0.04,4.582,
6.31,4.11,7.95,0.23,0.05,0.04,4.583,
5.46,4.07,7.41,0.13,0.08,0.06,4.594,
5.12,3.95,7.02,0.04,0.11,0.06,4.604,
4.89,3.84,6.56,-0.04,0.13,0.07,4.611,
4.89,3.84,6.56,-0.04,0.13,0.07,4.612,
4.74,3.64,6.11,-0.08,0.16,0.11,4.620,
4.74,3.64,6.11,-0.08,0.16,0.11,4.622,
4.74,3.64,6.11,-0.04,0.24,0.20,4.629,
4.43,3.41,5.42,0.04,0.31,0.34,4.636,
4.43,3.41,5.42,0.04,0.31,0.34,4.638,
4.39,3.34,5.15,0.04,0.31,0.34,4.643,
4.36,3.34,4.84,0.15,0.39,0.49,4.650,
4.36,3.34,4.84,0.15,0.39,0.49,4.651,
4.36,3.34,4.84,0.30,0.47,0.64,4.659,
4.39,3.30,4.61,0.30,0.47,0.64,4.661,
4.43,3.34,4.46,0.45,0.55,0.77,4.669,
4.59,3.45,4.42,0.45,0.55,0.77,4.673,
4.78,3.53,4.50,0.58,0.59,0.88,4.682,
4.78,3.53,4.50,0.64,0.59,0.96,4.685,
5.08,3.57,4.58,0.64,0.59,0.96,4.691,
5.08,3.57,4.58,0.64,0.59,0.96,4.692,
5.08,3.57,4.58,0.68,0.60,1.05,4.700,
5.88,3.76,4.88,0.73,0.59,1.14,4.712,
6.43,3.91,5.07,0.79,0.58,1.24,4.720,
6.89,4.03,5.23,0.79,0.58,1.24,4.722,
6.89,4.03,5.23,0.87,0.58,1.36,4.729,
7.19,4.37,5.42,0.87,0.58,1.36,4.731,
7.19,4.37,5.42,0.87,0.58,1.36,4.733,
7.34,4.68,5.69,0.93,0.58,1.53,4.739,
7.15,5.10,5.73,0.93,0.58,1.53,4.744,
7.15,5.10,5.73,0.92,0.55,1.64,4.747,
7.15,5.10,5.73,0.92,0.55,1.64,4.748,
7.15,5.10,5.73,0.92,0.55,1.64,4.750,
7.15,5.10,5.73,0.92,0.55,1.64,4.751,
7.15,5.10,5.73,0.92,0.55,1.64,4.752,
7.15,5.10,5.73,0.92,0.55,1.64,4.754,
6.20,5.79,5.65,0.90,0.46,1.68,4.763,
6.35,6.36,5.61,0.93,0.39,1.72,4.771,
6.12,6.33,5.80,0.77,0.33,1.64,4.778,
6.04,6.40,5.54,0.77,0.33,1.64,4.783,
5.66,6.86,5.50,0.71,0.30,1.60,4.791,
5.66,6.86,5.50,0.71,0.30,1.60,4.792,
5.35,6.64,5.50,0.60,0.33,1.62,4.801,
5.35,6.64,5.50,0.60,0.33,1.62,4.803,
5.20,6.78,5.30,0.51,0.33,1.55,4.810,
5.08,6.86,5.15,0.46,0.36,1.47,4.818,
4.86,6.75,5.11,0.46,0.36,1.47,4.822,
4.86,6.63,4.84,0.48,0.42,1.46,4.831,
4.86,6.63,4.84,0.48,0.42,1.46,4.832,
4.86,6.52,4.73,0.58,0.49,1.45,4.840,
4.86,6.52,4.73,0.58,0.49,1.45,4.842,
4.86,6.52,4.73,0.58,0.49,1.45,4.843,
4.89,6.48,4.61,0.78,0.52,1.47,4.857,
4.89,6.48,4.61,0.78,0.52,1.47,4.858,
4.89,6.52,4.65,0.78,0.52,1.47,4.862,
4.89,6.52,4.65,0.88,0.50,1.47,4.866,
4.89,6.52,4.65,0.88,0.50,1.47,4.867,
4.89,6.52,4.65,0.88,0.50,1.47,4.869,
4.89,6.52,4.65,0.88,0.50,1.47,4.870,
4.89,6.52,4.65,0.88,0.50,1.47,4.872,
4.89,6.52,4.65,0.97,0.51,1.46,4.881,
4.78,6.52,5.00,1.03,0.49,1.41,4.889,
4.70,6.40,5.15,1.03,0.49,1.41,4.893,
4.70,6.18,5.34,1.04,0.45,1.34,4.901,
4.70,6.18,5.34,1.04,0.43,1.26,4.909,
4.70,5.91,5.50,1.04,0.43,1.26,4.911,
4.70,5.91,5.50,1.04,0.43,1.26,4.912,
4.66,5.68,5.69,1.01,0.42,1.18,4.920,
4.55,5.48,5.88,0.97,0.41,1.13,4.927,
4.55,5.48,5.88,0.97,0.41,1.13,4.928,
4.51,5.25,5.96,0.97,0.41,1.13,4.933,
4.47,5.06,6.07,0.93,0.40,1.09,4.942,
4.47,5.06,6.07,0.93,0.40,1.09,4.942,
4.39,4.75,6.15,0.90,0.41,1.06,4.950,
4.39,4.75,6.15,0.90,0.41,1.06,4.952,
4.39,4.75,6.15,0.89,0.43,1.04,4.959,
4.36,4.49,6.34,0.89,0.43,1.04,4.963,
4.36,4.49,6.34,0.90,0.47,1.04,4.968,
4.24,4.37,6.38,0.90,0.47,1.04,4.973,
4.28,4.30,6.49,0.88,0.49,1.04,4.981,
4.28,4.30,6.49,0.88,0.49,1.04,4.983,
4.28,4.30,6.49,0.86,0.50,1.04,4.985,
4.28,4.30,6.49,0.86,0.50,1.04,4.986,
4.28,4.30,6.49,0.86,0.50,1.04,4.988,
4.28,4.30,6.49,0.86,0.50,1.04,4.989,
4.28,4.30,6.49,0.86,0.50,1.04,4.991,
4.28,4.30,6.49,0.86,0.50,1.04,4.992,
4.28,4.30,6.49,0.86,0.50,1.04,4.994,
4.39,4.11,6.68,0.88,0.53,1.07,5.003,
4.47,4.14,6.68,0.92,0.56,1.09,5.011,
4.47,4.14,6.68,0.92,0.56,1.09,5.013,
4.63,4.26,6.76,0.96,0.60,1.11,5.021,
4.63,4.26,6.76,0.96,0.60,1.11,5.023,
4.63,4.26,6.76,1.00,0.68,1.13,5.029,
4.70,4.18,6.96,1.03,0.75,1.13,5.037,
4.97,4.07,7.34,1.02,0.80,1.12,5.051,
4.97,4.07,7.34,1.02,0.80,1.12,5.053,
5.08,3.99,7.52,0.98,0.83,1.08,5.061,
5.08,3.99,7.52,0.98,0.83,1.08,5.062,
5.27,3.99,7.68,0.95,0.86,1.04,5.069,
5.50,3.68,7.91,0.95,0.86,1.04,5.073,
5.77,3.61,8.21,0.89,0.88,0.99,5.082,
5.77,3.61,8.21,0.87,0.90,0.93,5.085,
6.16,3.64,8.41,0.87,0.90,0.93,5.091,
6.16,3.64,8.41,0.87,0.90,0.93,5.092,
6.54,3.45,8.71,0.84,0.93,0.91,5.100,
6.54,3.45,8.71,0.84,0.93,0.91,5.101,
7.00,3.34,8.91,0.84,0.93,0.94,5.107,
7.00,3.34,8.91,0.84,0.93,0.94,5.108,
7.00,3.34,8.91,0.84,0.93,0.94,5.109,
7.00,3.34,8.91,0.84,0.93,0.94,5.110,
7.00,3.34,8.91,0.84,0.93,0.94,5.111,
7.00,3.34,8.91,0.84,0.93,0.94,5.114,
7.80,3.26,9.18,0.84,0.91,0.98,5.123,
7.65,3.30,9.14,0.84,0.92,1.06,5.131,
7.65,3.30,9.14,0.84,0.92,1.06,5.132,
7.38,3.30,8.98,0.87,0.97,1.20,5.140,
7.38,3.30,8.98,0.91,1.04,1.35,5.148,
6.12,3.30,8.63,0.91,1.04,1.35,5.152,
5.50,3.30,8.25,0.92,1.11,1.45,5.161,
5.50,3.30,8.25,0.92,1.11,1.45,5.162,
5.01,3.26,7.91,0.94,1.20,1.49,5.170,
5.01,3.26,7.91,0.94,1.20,1.49,5.171,
5.01,3.26,7.91,0.94,1.20,1.49,5.172,
4.47,3.26,7.26,0.99,1.29,1.53,5.183,
4.47,3.26,7.26,1.03,1.39,1.55,5.188,
4.32,3.11,6.95,1.03,1.39,1.55,5.193,
4.43,3.11,6.68,1.12,1.51,1.58,5.201,
4.43,3.11,6.68,1.12,1.51,1.58,5.202,
4.43,3.11,6.68,1.25,1.61,1.61,5.205,
4.43,3.11,6.68,1.25,1.61,1.61,5.209,
4.43,3.11,6.68,1.25,1.61,1.61,5.210,
4.43,3.11,6.68,1.25,1.61,1.61,5.212,
4.43,3.11,6.68,1.25,1.61,1.61,5.213,
4.43,3.11,6.68,1.36,1.66,1.62,5.222,
5.43,3.30,6.26,1.46,1.67,1.63,5.227,
5.81,3.26,6.15,1.46,1.67,1.63,5.232,
5.81,3.26,6.15,1.59,1.67,1.67,5.239,
6.04,3.30,6.07,1.59,1.67,1.67,5.241,
6.04,3.30,6.07,1.59,1.67,1.67,5.242,
6.20,3.41,5.99,1.72,1.64,1.71,5.250,
6.62,3.84,5.92,1.83,1.57,1.75,5.258,
6.23,3.95,5.99,1.83,1.57,1.75,5.262,
5.58,3.84,5.96,1.85,1.45,1.71,5.271,
5.58,3.84,5.96,1.85,1.45,1.71,5.272,
6.08,4.30,6.26,1.89,1.21,1.50,5.280,
6.08,4.30,6.26,1.89,1.21,1.50,5.281,
6.08,4.30,6.26,1.86,1.07,1.35,5.285,
6.08,4.30,6.26,1.86,1.07,1.35,5.286,
6.08,4.30,6.26,1.86,1.07,1.35,5.288,
6.08,4.30,6.26,1.86,1.07,1.35,5.289,
6.77,4.87,6.88,1.86,1.07,1.35,5.292,
6.77,4.87,6.88,1.86,1.07,1.35,5.294,
6.12,4.14,7.34,1.73,1.09,1.30,5.303,
5.81,4.14,7.68,1.65,1.10,1.15,5.320,
5.85,3.68,8.03,1.23,0.84,0.75,5.328,
6.35,3.45,8.21,1.23,0.84,0.75,5.333,
5.85,2.92,8.48,1.01,0.79,0.62,5.342,
5.54,2.42,8.48,0.87,0.81,0.59,5.350,
5.54,2.42,8.48,0.87,0.81,0.59,5.351,
5.54,2.42,8.48,0.87,0.81,0.59,5.353,
5.50,2.30,8.29,0.81,0.78,0.53,5.360,
5.43,2.15,8.29,0.77,0.75,0.49,5.367,
5.43,2.11,8.10,0.77,0.75,0.49,5.372,
5.35,2.04,7.95,0.79,0.76,0.51,5.381,
5.35,2.04,7.95,0.79,0.76,0.51,5.384,
5.31,2.11,7.79,0.85,0.76,0.56,5.393,
5.35,2.27,7.57,0.93,0.76,0.63,5.402,
5.35,2.27,7.57,0.99,0.78,0.71,5.407,
5.35,2.27,7.57,0.99,0.78,0.71,5.408,
5.35,2.27,7.57,0.99,0.78,0.71,5.410,
5.35,2.27,7.57,0.99,0.78,0.71,5.411,
5.35,2.27,7.57,0.99,0.78,0.71,5.412,
5.35,2.27,7.57,0.99,0.78,0.71,5.414,
5.43,2.27,7.53,1.06,0.78,0.79,5.421,
5.43,2.27,7.53,1.06,0.78,0.79,5.423,
5.39,2.38,7.52,1.15,0.79,0.88,5.432,
5.58,2.46,7.49,1.20,0.76,0.94,5.442,
5.58,2.46,7.49,1.26,0.76,0.99,5.446,
5.50,2.65,7.48,1.26,0.76,0.99,5.451,
5.46,2.77,7.48,1.30,0.76,1.02,5.460,
5.46,2.77,7.48,1.30,0.76,1.02,5.461,
6.00,4.91,6.84,0.36,0.66,0.65,6.491,
6.16,5.02,6.80,0.37,0.67,0.63,6.499,
6.16,5.02,6.80,0.39,0.67,0.60,6.505,
6.31,5.29,6.91,0.39,0.67,0.60,6.507,
6.50,5.41,7.11,0.39,0.67,0.60,6.511,
6.85,5.56,7.34,0.40,0.64,0.57,6.520,
6.85,5.56,7.34,0.40,0.64,0.57,6.522,
6.85,5.56,7.34,0.42,0.59,0.53,6.528,
7.11,5.68,7.57,0.42,0.59,0.53,6.530,
7.54,5.87,7.83,0.45,0.55,0.50,6.538,
7.92,5.95,8.18,0.45,0.55,0.50,6.541,
8.34,6.06,8.37,0.49,0.51,0.50,6.551,
8.57,6.10,8.67,0.52,0.44,0.49,6.560,
8.57,6.10,8.67,0.52,0.44,0.49,6.563,
8.80,6.33,8.91,0.63,0.30,0.54,6.577,
8.34,6.25,8.98,0.63,0.30,0.54,6.581,
7.65,6.29,8.98,0.68,0.31,0.59,6.590,
7.65,6.29,8.98,0.68,0.31,0.59,6.591,
6.69,6.14,8.87,0.71,0.37,0.63,6.600,
6.69,6.14,8.87,0.71,0.37,0.63,6.601,
6.69,6.14,8.87,0.75,0.44,0.63,6.608,
4.66,5.91,8.18,0.78,0.56,0.57,6.615,
4.66,5.91,8.18,0.78,0.56,0.57,6.617,
3.78,5.75,7.79,0.78,0.56,0.57,6.621,
3.78,5.75,7.79,0.77,0.70,0.47,6.625,
3.78,5.75,7.79,0.77,0.70,0.47,6.626,
3.78,5.75,7.79,0.77,0.70,0.47,6.627,
3.78,5.75,7.79,0.77,0.70,0.47,6.630,
3.78,5.75,7.79,0.77,0.70,0.47,6.631,
3.78,5.75,7.79,0.77,0.70,0.47,6.632,
3.78,5.75,7.79,0.73,0.82,0.37,6.640,
3.17,5.37,7.30,0.73,0.82,0.37,6.642,
3.17,5.37,7.30,0.73,0.94,0.28,6.650,
3.17,4.45,5.88,0.80,1.05,0.25,6.656,
3.74,4.14,5.57,0.80,1.05,0.25,6.661,
4.36,3.91,5.35,0.98,1.20,0.27,6.669,
4.36,3.91,5.35,0.98,1.20,0.27,6.671,
4.36,3.91,5.35,1.18,1.31,0.33,6.678,
4.82,3.76,5.31,1.18,1.31,0.33,6.680,
5.31,3.53,5.11,1.33,1.29,0.40,6.687,
6.00,3.41,5.00,1.33,1.29,0.40,6.692,
6.46,3.41,5.27,1.47,1.23,0.49,6.701,
6.46,3.41,5.27,1.63,1.18,0.60,6.708,
6.80,3.45,5.69,1.63,1.18,0.60,6.710,
6.80,3.45,5.69,1.63,1.18,0.60,6.711,
7.07,3.91,6.80,1.88,1.02,0.70,6.732,
7.07,3.84,7.11,1.88,0.95,0.66,6.739,
7.07,3.84,7.11,1.88,0.95,0.66,6.741,
6.81,3.91,7.53,1.86,0.87,0.60,6.749,
6.81,3.91,7.53,1.86,0.87,0.60,6.750,
6.81,3.91,7.53,1.76,0.79,0.48,6.758,
6.43,3.76,8.17,1.76,0.79,0.48,6.762,
6.43,3.76,8.17,1.59,0.71,0.29,6.765,
6.43,3.76,8.17,1.59,0.71,0.29,6.767,
6.43,3.76,8.17,1.59,0.71,0.29,6.768,
6.43,3.76,8.17,1.59,0.71,0.29,6.770,
6.43,3.76,8.17,1.59,0.71,0.29,6.771,
6.43,3.76,8.17,1.59,0.71,0.29,6.773,
6.12,3.61,8.53,1.43,0.66,0.12,6.781,
6.08,3.53,8.52,1.26,0.63,-0.03,6.789,
5.85,3.34,8.56,1.08,0.60,-0.15,6.797,
5.73,3.11,8.41,1.08,0.60,-0.15,6.801,
5.81,3.07,8.18,0.93,0.54,-0.25,6.810,
5.81,3.07,8.18,0.93,0.54,-0.25,6.811,
6.20,2.88,7.91,0.81,0.53,-0.31,6.819,
6.20,2.88,7.91,0.81,0.53,-0.31,6.820,
6.20,2.88,7.91,0.75,0.61,-0.29,6.828,
5.81,2.65,7.41,0.68,0.62,-0.28,6.835,
5.81,2.65,7.41,0.68,0.62,-0.28,6.838,
5.70,2.57,7.14,0.68,0.62,-0.28,6.841,
5.70,2.57,7.14,0.60,0.59,-0.30,6.845,
5.62,2.42,6.99,0.60,0.59,-0.30,6.850,
5.62,2.42,6.99,0.60,0.59,-0.30,6.851,
5.66,2.11,6.84,0.59,0.55,-0.31,6.859,
5.66,2.11,6.84,0.59,0.55,-0.31,6.860,
5.66,2.11,6.84,0.59,0.55,-0.31,6.861,
5.81,2.15,6.72,0.79,0.58,-0.30,6.875,
5.81,2.15,6.72,0.79,0.58,-0.30,6.876,
5.66,1.96,6.91,0.79,0.58,-0.30,6.885,
5.66,1.88,6.80,0.79,0.57,-0.27,6.892,
5.66,1.77,6.72,0.76,0.56,-0.26,6.900,
5.62,1.69,6.72,0.72,0.61,-0.25,6.907,
5.58,1.69,6.57,0.72,0.61,-0.25,6.912,
5.66,1.65,6.26,0.64,0.62,-0.23,6.921,
5.66,1.80,6.07,0.54,0.58,-0.21,6.929,
5.66,1.80,6.07,0.54,0.58,-0.21,6.930,
5.66,1.80,6.07,0.54,0.58,-0.21,6.931,
5.66,1.92,5.84,0.46,0.53,-0.19,6.939,
5.82,2.07,5.61,0.41,0.47,-0.15,6.944,
5.82,2.07,5.61,0.41,0.47,-0.15,6.945,
5.82,2.07,5.61,0.41,0.47,-0.15,6.947,
5.82,2.07,5.61,0.41,0.47,-0.15,6.948,
5.82,2.07,5.61,0.41,0.47,-0.15,6.950,
5.82,2.07,5.61,0.41,0.47,-0.15,6.951,
5.82,2.07,5.61,0.41,0.47,-0.15,6.952,
5.93,2.30,5.30,0.40,0.43,-0.08,6.961,
5.88,2.50,5.23,0.39,0.38,0.00,6.969,
5.88,2.50,5.23,0.39,0.38,0.00,6.970,
5.88,2.50,5.23,0.39,0.38,0.00,6.971,
5.73,2.73,5.19,0.35,0.32,0.05,6.982,
5.73,2.73,5.19,0.32,0.22,0.07,6.986,
5.62,2.77,5.34,0.32,0.22,0.07,6.991,
5.54,2.92,5.42,0.31,0.12,0.07,6.999,
5.54,2.92,5.42,0.31,0.12,0.07,7.001,
5.54,2.92,5.42,0.27,-0.01,0.04,7.008,
5.50,2.92,5.46,0.27,-0.01,0.04,7.010,
5.31,2.96,5.57,0.27,-0.14,-0.01,7.018,
5.35,3.30,5.65,0.27,-0.14,-0.01,7.022,
6.62,3.88,5.50,0.23,-0.28,-0.09,7.029,
6.62,3.88,5.50,0.23,-0.28,-0.09,7.032,
5.54,3.30,5.80,0.01,-0.21,-0.06,7.040,
5.54,3.30,5.80,0.01,-0.21,-0.06,7.041,
5.46,3.26,5.80,-0.12,-0.23,-0.06,7.049,
6.04,3.68,5.99,-0.20,-0.37,-0.11,7.062,
6.20,3.57,5.88,-0.32,-0.44,-0.09,7.069,
6.20,3.57,5.88,-0.32,-0.44,-0.09,7.070,
6.12,3.45,5.99,-0.37,-0.46,-0.02,7.078,
6.12,3.45,5.99,-0.37,-0.46,-0.02,7.080,
6.12,3.45,5.99,-0.37,-0.46,-0.02,7.081,
6.35,3.68,6.46,-0.37,-0.48,0.02,7.091,
6.16,3.45,6.38,-0.38,-0.55,0.10,7.101,
6.16,3.45,6.38,-0.30,-0.60,0.14,7.104,
4.89,2.80,6.38,-0.30,-0.60,0.14,7.110,
8.15,6.10,5.80,-0.14,-0.75,0.09,7.118,
8.15,6.10,5.80,-0.14,-0.75,0.09,7.119,
6.04,3.99,6.64,-0.53,-0.61,0.20,7.127,
6.46,4.26,6.41,-0.53,-0.61,0.20,7.131,
6.58,4.22,6.34,-0.48,-0.77,0.21,7.140,
6.58,4.22,6.34,-0.48,-0.80,0.17,7.148,
6.62,4.18,6.76,-0.48,-0.80,0.17,7.150,
6.62,4.18,6.76,-0.48,-0.80,0.17,7.150,
7.30,4.64,6.99,-0.47,-0.82,0.11,7.158,
7.30,4.64,6.99,-0.48,-0.92,0.13,7.165,
7.61,4.72,7.30,-0.48,-0.92,0.13,7.167,
8.00,4.91,7.37,-0.48,-0.92,0.13,7.171,
8.68,5.25,7.64,-0.51,-1.00,0.21,7.181,
8.68,5.25,7.64,-0.46,-1.06,0.44,7.184,
8.30,4.75,7.98,-0.46,-1.06,0.44,7.190,
8.30,4.75,7.98,-0.46,-1.06,0.44,7.191,
8.38,4.41,7.95,-0.53,-1.14,0.51,7.198,
8.38,4.49,8.14,-0.53,-1.14,0.51,7.201,
9.07,5.25,8.10,-0.54,-1.23,0.43,7.210,
8.61,4.95,8.45,-0.61,-1.22,0.47,7.219,
8.61,4.95,8.45,-0.61,-1.22,0.47,7.221,
8.61,4.95,8.45,-0.61,-1.22,0.47,7.226,
7.04,4.64,7.18,-0.90,-1.32,0.63,7.241,
7.04,4.64,7.18,-1.11,-1.27,0.78,7.245,
7.04,4.64,7.18,-1.11,-1.27,0.78,7.246,
7.04,4.64,7.18,-1.11,-1.27,0.78,7.248,
7.04,4.64,7.18,-1.11,-1.27,0.78,7.249,
7.04,4.64,7.18,-1.11,-1.27,0.78,7.250,
7.04,4.64,7.18,-1.11,-1.27,0.78,7.252,
7.04,4.64,7.18,-1.11,-1.27,0.78,7.253,
6.43,5.18,6.68,-1.07,-1.32,1.05,7.268,
4.70,5.41,5.69,-1.07,-1.32,1.05,7.269,
4.59,5.60,5.04,-0.92,-1.18,0.95,7.276,
4.13,5.71,4.84,-0.92,-1.18,0.95,7.281,
4.13,5.71,4.84,-0.75,-1.02,0.90,7.285,
3.51,5.83,4.58,-0.75,-1.02,0.90,7.290,
3.51,5.83,4.58,-0.65,-0.89,0.78,7.298,
3.36,5.83,4.31,-0.65,-0.89,0.78,7.299,
3.36,5.83,4.31,-0.65,-0.89,0.78,7.302,
3.40,5.91,4.00,-0.36,-0.57,0.44,7.315,
3.40,5.91,4.00,-0.36,-0.57,0.44,7.316,
3.78,5.79,3.96,-0.36,-0.57,0.44,7.321,
4.28,5.63,4.19,-0.29,-0.44,0.22,7.329,
4.28,5.63,4.19,-0.29,-0.44,0.22,7.330,
4.28,5.63,4.19,-0.29,-0.41,0.04,7.338,
4.70,5.41,4.27,-0.29,-0.41,0.04,7.339,
4.86,4.91,4.19,-0.38,-0.45,-0.09,7.347,
4.86,4.91,4.19,-0.38,-0.45,-0.09,7.348,
5.35,4.75,4.27,-0.47,-0.48,-0.26,7.355,
5.96,4.75,4.77,-0.47,-0.48,-0.26,7.359,
5.96,4.75,4.77,-0.47,-0.48,-0.26,7.360,
6.69,4.53,4.88,-0.56,-0.56,-0.37,7.370,
6.69,4.53,4.88,-0.61,-0.62,-0.40,7.377,
7.04,4.41,5.04,-0.61,-0.62,-0.40,7.379,
7.15,4.60,5.50,-0.65,-0.64,-0.48,7.386,
7.49,4.72,6.07,-0.71,-0.67,-0.59,7.400,
7.49,4.72,6.07,-0.80,-0.64,-0.71,7.407,
7.50,4.56,6.18,-0.80,-0.64,-0.71,7.409,
7.50,4.56,6.18,-0.80,-0.64,-0.71,7.410,
7.35,4.37,6.22,-0.90,-0.55,-0.81,7.418,
7.11,4.26,6.11,-0.90,-0.55,-0.81,7.422,
7.11,4.26,6.11,-1.03,-0.52,-0.87,7.425,
7.11,4.26,6.11,-1.03,-0.52,-0.87,7.426,
7.11,4.26,6.11,-1.03,-0.52,-0.87,7.428,
7.11,4.26,6.11,-1.03,-0.52,-0.87,7.430,
7.11,4.26,6.11,-1.03,-0.52,-0.87,7.431,
7.11,4.26,6.11,-1.03,-0.52,-0.87,7.432,
7.07,3.68,5.42,-1.13,-0.51,-0.86,7.442,
6.77,3.57,5.27,-1.08,-0.42,-0.79,7.448,
6.77,3.57,5.27,-1.08,-0.42,-0.79,7.450,
6.50,3.61,5.04,-0.97,-0.31,-0.69,7.457,
6.50,3.72,4.80,-0.97,-0.31,-0.69,7.461,
6.35,3.88,4.61,-0.86,-0.26,-0.57,7.470,
6.35,3.88,4.61,-0.68,-0.19,-0.44,7.479,
6.12,4.07,4.50,-0.68,-0.19,-0.44,7.480,
6.12,4.07,4.50,-0.68,-0.19,-0.44,7.481,
6.12,4.37,4.46,-0.52,-0.14,-0.33,7.488,
6.04,4.41,4.42,-0.43,-0.13,-0.18,7.497,
5.62,4.79,4.46,-0.43,-0.13,-0.18,7.501,
6.20,4.75,4.31,-0.32,-0.16,-0.18,7.509,
6.20,4.75,4.31,-0.32,-0.16,-0.18,7.511,
6.31,4.56,4.35,-0.38,-0.19,-0.13,7.519,
6.31,4.56,4.35,-0.38,-0.19,-0.13,7.520,
6.31,4.56,4.35,-0.34,-0.14,-0.05,7.527,
6.08,4.37,4.35,-0.23,-0.15,0.03,7.534,
6.08,4.37,4.35,-0.23,-0.15,0.03,7.536,
5.93,4.91,4.19,-0.23,-0.15,0.03,7.540,
5.77,4.45,4.27,-0.26,-0.21,0.05,7.549,
5.77,4.45,4.27,-0.26,-0.21,0.05,7.551,
5.77,4.45,4.27,-0.23,-0.21,0.03,7.560,
5.31,4.64,4.35,-0.23,-0.21,0.03,7.562,
5.58,4.68,4.77,-0.32,-0.23,-0.16,7.574,
5.58,4.68,4.77,-0.32,-0.23,-0.16,7.575,
5.70,4.60,5.04,-0.32,-0.23,-0.16,7.580,
5.39,4.75,5.19,-0.34,-0.20,-0.17,7.589,
5.39,4.75,5.19,-0.34,-0.20,-0.17,7.590,
5.39,4.75,5.19,-0.39,-0.19,-0.19,7.598,
5.46,4.75,5.38,-0.39,-0.19,-0.19,7.599,
5.58,4.83,5.38,-0.46,-0.19,-0.21,7.606,
5.66,4.72,5.50,-0.46,-0.19,-0.21,7.610,
6.04,4.75,5.77,-0.46,-0.16,-0.20,7.619,
6.04,4.75,5.77,-0.46,-0.16,-0.20,7.620,
5.31,4.68,5.38,-0.43,-0.21,-0.13,7.628,
5.31,4.68,5.38,-0.43,-0.21,-0.13,7.631,
5.66,4.45,5.38,-0.34,-0.02,-0.02,7.646,
5.73,4.72,5.27,-0.34,-0.02,-0.02,7.650,
5.58,4.68,4.92,-0.30,-0.09,0.09,7.659,
5.58,4.68,4.92,-0.30,-0.09,0.09,7.660,
5.58,4.37,5.04,-0.26,-0.05,0.12,7.668,
5.58,4.37,5.04,-0.26,-0.05,0.12,7.670,
5.58,4.37,5.04,-0.11,0.08,0.16,7.677,
5.62,4.64,5.07,-0.11,0.08,0.16,7.681,
5.62,4.64,5.07,-0.01,0.16,0.18,7.686,
5.58,4.75,5.27,-0.01,0.16,0.18,7.691,
5.70,4.91,5.34,0.01,0.18,0.17,7.698,
5.70,4.91,5.34,0.01,0.18,0.17,7.700,
5.70,4.91,5.34,-0.06,0.15,0.15,7.708,
5.77,4.95,5.34,-0.06,0.15,0.15,7.709,
5.73,4.95,5.46,-0.17,0.13,0.11,7.717,
5.89,5.02,5.65,-0.17,0.13,0.11,7.721,
6.27,5.14,5.54,-0.27,0.10,0.07,7.731,
6.62,5.25,5.69,-0.31,0.10,0.09,7.738,
6.62,5.25,5.69,-0.31,0.10,0.09,7.740,
6.62,5.25,5.69,-0.31,0.10,0.09,7.741,
6.50,5.52,5.65,-0.28,0.18,0.15,7.751,
6.65,5.64,5.69,-0.25,0.26,0.20,7.760,
6.65,5.64,5.69,-0.17,0.29,0.21,7.764,
6.77,5.60,5.80,-0.17,0.29,0.21,7.769,
6.77,5.60,5.80,-0.17,0.29,0.21,7.771,
6.20,5.45,5.73,-0.08,0.27,0.23,7.779,
6.20,5.45,5.73,-0.08,0.27,0.23,7.780,
6.43,5.68,5.69,-0.11,0.28,0.16,7.787,
6.96,5.48,6.15,-0.11,0.28,0.16,7.791,
6.65,5.64,6.22,-0.11,0.30,0.12,7.800,
6.65,5.64,6.22,-0.12,0.26,0.10,7.803,
6.80,5.52,6.41,-0.12,0.26,0.10,7.809,
6.80,5.52,6.41,-0.12,0.26,0.10,7.810,
7.46,5.56,6.72,-0.19,0.26,0.03,7.817,
7.46,5.56,6.72,-0.19,0.26,0.03,7.819,
6.92,5.64,6.72,-0.20,0.18,0.01,7.826,
7.54,5.64,6.91,-0.20,0.18,0.01,7.830,
7.77,5.64,7.34,-0.29,0.22,-0.01,7.839,
7.77,5.64,7.34,-0.29,0.22,-0.01,7.841,
7.34,5.79,7.37,-0.35,0.24,-0.01,7.850,
7.34,5.79,7.37,-0.49,0.20,-0.07,7.857,
7.69,5.60,7.34,-0.49,0.20,-0.07,7.858,
8.19,5.60,7.41,-0.48,0.25,-0.10,7.864,
8.19,5.60,7.41,-0.48,0.25,-0.10,7.865,
