2.41, -4.10, 4.79, 0.63, 0.76, 1.34, -29.06, 32.31, -15.19, 0.0313,
2.41, -4.10, 4.79, 0.63, 0.76, 1.34, -29.06, 32.31, -15.19, 0.0313,
2.41, -4.10, 4.79, 0.63, 0.76, 1.34, -29.06, 32.31, -15.19, 0.0313,
2.41, -4.10, 4.79, 0.63, 0.76, 1.34, -29.06, 32.31, -15.19, 0.0313,
1.68, -1.42, 9.00, 0.11, -0.75, -0.98, -29.06, 32.31, -15.19, 0.0469,
3.48, -1.23, 8.81, -0.29, -0.23, 0.06, -13.13, -10.06, -42.94, 0.1250,
-0.38, -2.57, 7.97, -0.29, -0.23, 0.06, -13.13, -10.06, -42.94, 0.1406,
-0.38, -2.57, 7.97, -0.34, -1.23, -0.16, -13.13, -10.06, -42.94, 0.1406,
-0.38, -2.57, 7.97, -0.34, -1.23, -0.16, -13.13, -10.06, -42.94, 0.1406,
-0.38, -2.57, 7.97, -0.34, -1.23, -0.16, -13.13, -10.06, -42.94, 0.1563,
-0.38, -2.57, 7.97, -0.34, -1.23, -0.16, -13.13, -10.06, -42.94, 0.1563,
-0.38, -2.57, 7.97, -0.34, -1.23, -0.16, -13.13, -10.06, -42.94, 0.1563,
4.37, -0.73, 5.02, -7.36, -3.35, -1.94, -21.56, -5.50, -41.44, 0.2500,
4.37, -0.73, 5.02, -7.36, -3.35, -1.94, -21.56, -5.50, -41.44, 0.2500,
4.37, -0.73, 5.02, -7.36, -3.35, -1.94, -21.56, -5.50, -41.44, 0.2500,
4.37, -0.73, 5.02, -7.36, -3.35, -1.94, -21.56, -5.50, -41.44, 0.2500,
4.37, -0.73, 5.02, -7.36, -3.35, -1.94, -21.56, -5.50, -41.44, 0.2500,
4.37, -0.73, 5.02, -7.36, -3.35, -1.94, -21.56, -5.50, -41.44, 0.2500,
15.48, 2.26, -3.22, -7.36, -3.35, -1.94, -28.00, 6.81, -33.06, 0.2656,
15.48, 2.26, -3.22, -7.36, -3.35, -1.94, -28.00, 6.81, -33.06, 0.2656,
29.80, -7.85, -2.57, -6.19, 0.08, -7.02, -34.44, 15.25, -26.44, 0.3594,
29.80, -7.85, -2.57, -6.19, 0.08, -7.02, -38.88, 9.50, -19.19, 0.3594,
29.80, -7.85, -2.57, -6.19, 0.08, -7.02, -38.88, 9.50, -19.19, 0.3594,
29.80, -7.85, -2.57, -6.19, 0.08, -7.02, -38.88, 9.50, -19.19, 0.3750,
29.80, -7.85, -2.57, -6.19, 0.08, -7.02, -38.88, 9.50, -19.19, 0.3750,
29.80, -7.85, -2.57, -6.19, 0.08, -7.02, -38.88, 9.50, -19.19, 0.3750,
29.80, -7.85, -2.57, -6.19, 0.08, -7.02, -38.88, 9.50, -19.19, 0.3750,
31.64, -18.58, 5.29, -0.02, 1.14, -5.42, -37.88, -3.25, -25.81, 0.4688,
31.64, -18.58, 5.29, -0.02, 1.14, -5.42, -37.88, -3.25, -25.81, 0.4688,
31.64, -18.58, 5.29, -0.02, 1.14, -5.42, -37.88, -3.25, -25.81, 0.4688,
31.64, -18.58, 5.29, -0.02, 1.14, -5.42, -37.88, -3.25, -25.81, 0.4688,
31.64, -18.58, 5.29, -0.02, 1.14, -5.42, -37.88, -3.25, -25.81, 0.4844,
2.26, -20.04, 4.64, -0.02, 1.14, -5.42, -37.88, -3.25, -25.81, 0.4844,
2.26, -20.04, 4.64, -0.02, 1.14, -5.42, -37.88, -3.25, -25.81, 0.4844,
-7.32, -9.84, 4.60, 1.12, -0.24, 2.00, -38.63, -2.19, -25.88, 0.5625,
-8.50, -11.19, 5.29, 1.12, -0.24, 2.00, -38.63, -2.19, -25.88, 0.5781,
-8.50, -11.19, 5.29, 1.12, -0.24, 2.00, -38.63, -2.19, -25.88, 0.5781,
-8.50, -11.19, 5.29, 1.12, -0.24, 2.00, -38.63, -2.19, -25.88, 0.5781,
-8.50, -11.19, 5.29, 1.12, -0.24, 2.00, -38.63, -2.19, -25.88, 0.5781,
-8.50, -11.19, 5.29, 2.10, 0.33, 3.72, -38.63, -2.19, -25.88, 0.5938,
-8.50, -11.19, 5.29, 2.10, 0.33, 3.72, -38.63, -2.19, -25.88, 0.5938,
-2.53, -7.70, 2.45, 3.36, 0.49, 4.51, -38.31, 4.38, -24.19, 0.6875,
-2.53, -7.70, 2.45, 3.36, 0.49, 4.51, -38.31, 4.38, -24.19, 0.6875,
-2.53, -7.70, 2.45, 3.36, 0.49, 4.51, -38.31, 4.38, -24.19, 0.6875,
-2.53, -7.70, 2.45, 3.24, 0.93, 4.76, -38.31, 4.38, -24.19, 0.6875,
-2.53, -7.70, 2.45, 3.24, 0.93, 4.76, -38.31, 4.38, -24.19, 0.6875,
-2.53, -7.70, 2.45, 3.24, 0.93, 4.76, -38.31, 4.38, -24.19, 0.7031,
2.26, -7.93, 2.72, 3.24, 0.93, 4.76, -38.31, 4.38, -24.19, 0.7031,
2.26, -7.93, 2.72, 3.24, 0.93, 4.76, -38.31, 4.38, -24.19, 0.7031,
18.54, -6.82, -0.96, 2.99, 0.34, 4.38, -15.56, 11.25, -42.69, 0.8594,
18.54, -6.82, -0.96, 2.99, 0.34, 4.38, -15.56, 11.25, -42.69, 0.8750,
18.54, -6.82, -0.96, 2.99, 0.34, 4.38, -15.56, 11.25, -42.69, 0.8750,
18.54, -6.82, -0.96, 2.99, 0.34, 4.38, -15.56, 11.25, -42.69, 0.8750,
18.54, -6.82, -0.96, 2.99, 0.34, 4.38, -15.56, 11.25, -42.69, 0.8750,
18.54, -6.82, -0.96, 2.99, 0.34, 4.38, -15.56, 11.25, -42.69, 0.8750,
18.54, -6.82, -0.96, 2.99, 0.34, 4.38, -15.56, 11.25, -42.69, 0.8906,
8.92, 0.04, -5.13, -0.13, -0.92, 0.74, -13.81, 12.25, -43.44, 0.9688,
8.92, 0.04, -5.13, -0.13, -0.92, 0.74, -13.81, 12.25, -43.44, 0.9688,
8.92, 0.04, -5.13, -0.13, -0.92, 0.74, -13.81, 12.25, -43.44, 0.9844,
8.92, 0.04, -5.13, -0.13, -0.92, 0.74, -13.81, 12.25, -43.44, 0.9844,
6.78, 7.97, -13.60, -0.13, -0.92, 0.74, -13.81, 12.25, -43.44, 0.9844,
6.78, 7.97, -13.60, -2.47, -1.58, -1.12, -13.81, 12.25, -43.44, 0.9844,
6.78, 7.97, -13.60, -2.47, -1.58, -1.12, -13.81, 12.25, -43.44, 1.0000,
10.03, 1.84, -1.00, -3.46, -1.01, -4.04, -24.44, 19.44, -34.50, 1.0781,
10.03, 1.84, -1.00, -3.46, -1.01, -4.04, -24.44, 19.44, -34.50, 1.0781,
10.03, 1.84, -1.00, -2.04, 0.69, -6.53, -24.44, 19.44, -34.50, 1.0938,
10.03, 1.84, -1.00, -2.04, 0.69, -6.53, -24.44, 19.44, -34.50, 1.0938,
10.03, 1.84, -1.00, -2.04, 0.69, -6.53, -24.44, 19.44, -34.50, 1.0938,
10.03, 1.84, -1.00, -2.04, 0.69, -6.53, -24.44, 19.44, -34.50, 1.0938,
10.03, 1.84, -1.00, -2.04, 0.69, -6.53, -24.44, 19.44, -34.50, 1.0938,
10.03, 1.84, -1.00, -2.04, 0.69, -6.53, -24.44, 19.44, -34.50, 1.0938,
20.07, -5.02, 3.83, 0.05, 1.31, -1.25, -31.50, 10.00, -35.00, 1.1875,
20.07, -5.02, 3.83, 0.05, 1.31, -1.25, -31.50, 10.00, -35.00, 1.1875,
20.07, -5.02, 3.83, 0.05, 1.31, -1.25, -31.50, 10.00, -35.00, 1.2031,
2.18, -17.36, 11.30, 0.05, 1.31, -1.25, -31.50, 10.00, -35.00, 1.2031,
2.18, -17.36, 11.30, 0.05, 1.31, -1.25, -30.00, 11.00, -33.62, 1.2031,
2.18, -17.36, 11.30, 0.05, 1.31, -1.25, -30.00, 11.00, -33.62, 1.2031,
2.18, -17.36, 11.30, 0.05, 1.31, -1.25, -30.00, 11.00, -33.62, 1.2188,
-9.96, 0.50, -0.96, 0.24, 0.81, -0.64, -27.25, 9.19, -37.19, 1.3750,
-9.96, 0.50, -0.96, 0.24, 0.81, -0.64, -27.25, 9.19, -37.19, 1.3750,
-9.96, 0.50, -0.96, 0.24, 0.81, -0.64, -27.25, 9.19, -37.19, 1.3750,
-9.96, 0.50, -0.96, 0.24, 0.81, -0.64, -27.25, 9.19, -37.19, 1.3750,
-9.96, 0.50, -0.96, 0.24, 0.81, -0.64, -27.25, 9.19, -37.19, 1.3906,
-8.62, -3.26, 2.03, 1.01, -0.50, 2.06, -27.25, 9.19, -37.19, 1.3906,
-8.62, -3.26, 2.03, 1.01, -0.50, 2.06, -27.25, 9.19, -37.19, 1.3906,
-8.62, -3.26, 2.03, 1.01, -0.50, 2.06, -27.25, 9.19, -37.19, 1.3906,
-8.62, -3.26, 2.03, 1.01, -0.50, 2.06, -27.25, 9.19, -37.19, 1.4063,
-8.62, -3.26, 2.03, 1.01, -0.50, 2.06, -27.25, 9.19, -37.19, 1.4063,
-8.62, -3.26, 2.03, 1.01, -0.50, 2.06, -29.31, 12.00, -34.38, 1.4063,
-8.62, -3.26, 2.03, 1.01, -0.50, 2.06, -29.31, 12.00, -34.38, 1.4063,
-8.62, -3.26, 2.03, 1.01, -0.50, 2.06, -29.31, 12.00, -34.38, 1.4219,
-8.62, -3.26, 2.03, 1.01, -0.50, 2.06, -29.31, 12.00, -34.38, 1.4219,
-4.41, -7.86, 5.21, 1.01, -0.50, 2.06, -29.31, 12.00, -34.38, 1.4219,
2.64, -16.25, 11.95, 1.66, 1.03, 3.95, -25.00, 10.19, -37.06, 1.5156,
2.64, -16.25, 11.95, 1.66, 1.03, 3.95, -25.00, 10.19, -37.06, 1.5156,
46.86, -45.55, 24.13, 1.66, 1.03, 3.95, -25.00, 10.19, -37.06, 1.5156,
46.86, -45.55, 24.13, 1.66, 1.03, 3.95, -25.00, 10.19, -37.06, 1.5313,
46.86, -45.55, 24.13, 1.66, 1.03, 3.95, -25.00, 10.19, -37.06, 1.5313,
46.86, -45.55, 24.13, 1.66, 1.03, 3.95, -25.00, 10.19, -37.06, 1.5313,
46.86, -45.55, 24.13, 1.66, 1.03, 3.95, -25.00, 10.19, -37.06, 1.5313,
7.63, 1.34, -3.64, 1.38, 0.88, 3.95, -18.19, 12.38, -43.69, 1.6250,
7.63, 1.34, -3.64, 1.38, 0.88, 3.95, -18.19, 12.38, -43.69, 1.6250,
7.63, 1.34, -3.64, 1.38, 0.88, 3.95, -18.19, 12.38, -43.69, 1.6250,
7.63, 1.34, -3.64, 1.38, 0.88, 3.95, -18.19, 12.38, -43.69, 1.6250,
7.63, 1.34, -3.64, 1.38, 0.88, 3.95, -18.19, 12.38, -43.69, 1.6406,
7.63, 1.34, -3.64, 0.66, -0.74, 2.20, -18.19, 12.38, -43.69, 1.6406,
9.00, 2.99, -6.97, 0.66, -0.74, 2.20, -18.19, 12.38, -43.69, 1.6406,
5.67, 2.91, -2.91, 0.15, -1.55, 0.72, -14.13, 12.63, -42.13, 1.8125,
5.67, 2.91, -2.91, 0.15, -1.55, 0.72, -14.13, 12.63, -42.13, 1.8125,
5.67, 2.91, -2.91, 0.15, -1.55, 0.72, -24.06, 12.19, -37.81, 1.8125,
5.67, 2.91, -2.91, 0.15, -1.55, 0.72, -24.06, 12.19, -37.81, 1.8125,
5.67, 2.91, -2.91, 0.15, -1.55, 0.72, -24.06, 12.19, -37.81, 1.8125,
5.67, 2.91, -2.91, 0.15, -1.55, 0.72, -24.06, 12.19, -37.81, 1.8125,
5.67, 2.91, -2.91, 0.15, -1.55, 0.72, -24.06, 12.19, -37.81, 1.8281,
5.67, 2.91, -2.91, 0.15, -1.55, 0.72, -24.06, 12.19, -37.81, 1.8281,
34.48, -29.30, 22.98, -2.32, -0.61, -5.56, -25.00, 7.44, -37.88, 1.9063,
34.48, -29.30, 22.98, -2.32, -0.61, -5.56, -25.00, 7.44, -37.88, 1.9063,
34.48, -29.30, 22.98, -2.32, -0.61, -5.56, -25.00, 7.44, -37.88, 1.9063,
34.48, -29.30, 22.98, -2.32, -0.61, -5.56, -25.00, 7.44, -37.88, 1.9219,
34.48, -29.30, 22.98, -2.32, -0.61, -5.56, -25.00, 7.44, -37.88, 1.9219,
34.48, -29.30, 22.98, -2.32, -0.61, -5.56, -25.00, 7.44, -37.88, 1.9219,
6.70, -14.13, 12.03, -2.32, -0.61, -5.56, -25.00, 7.44, -37.88, 1.9219,
-4.48, -10.00, 12.10, -1.02, -0.11, -1.05, -26.12, 8.81, -37.94, 2.0156,
-4.48, -10.00, 12.10, -1.02, -0.11, -1.05, -26.12, 8.81, -37.94, 2.0156,
-4.48, -10.00, 12.10, -1.02, -0.11, -1.05, -26.12, 8.81, -37.94, 2.0156,
-7.16, 0.50, 3.95, -1.02, -0.11, -1.05, -26.12, 8.81, -37.94, 2.0156,
-7.16, 0.50, 3.95, -1.02, -0.11, -1.05, -26.12, 8.81, -37.94, 2.0313,
-7.16, 0.50, 3.95, -1.02, -0.11, -1.05, -26.12, 8.81, -37.94, 2.0313,
-7.16, 0.50, 3.95, -1.02, -0.11, -1.05, -26.12, 8.81, -37.94, 2.0313,
-8.46, 1.11, 1.30, 1.39, -0.42, 1.10, -26.19, 10.56, -37.94, 2.1250,
-8.46, 1.11, 1.30, 1.39, -0.42, 1.10, -26.19, 10.56, -37.94, 2.1250,
-8.46, 1.11, 1.30, 1.39, -0.42, 1.10, -26.19, 10.56, -37.94, 2.1250,
-8.46, 1.11, 1.30, 1.39, -0.42, 1.10, -26.19, 10.56, -37.94, 2.1250,
-8.46, 1.11, 1.30, 1.39, -0.42, 1.10, -26.19, 10.56, -37.94, 2.1406,
-8.46, 1.11, 1.30, 2.33, -0.43, 1.63, -26.19, 10.56, -37.94, 2.1406,
-8.46, 1.11, 1.30, 2.33, -0.43, 1.63, -26.19, 10.56, -37.94, 2.1406,
-4.90, -5.82, 7.47, 2.53, -0.20, 1.86, -26.19, 8.13, -38.75, 2.2188,
-4.90, -5.82, 7.47, 2.53, -0.20, 1.86, -26.19, 8.13, -38.75, 2.2188,
-4.90, -5.82, 7.47, 2.53, -0.20, 1.86, -26.19, 8.13, -38.75, 2.2188,
-4.90, -5.82, 7.47, 2.53, -0.20, 1.86, -26.19, 8.13, -38.75, 2.2344,
-4.90, -5.82, 7.47, 2.53, -0.20, 1.86, -26.19, 8.13, -38.75, 2.2344,
-4.90, -5.82, 7.47, 4.50, 1.53, 2.73, -26.19, 8.13, -38.75, 2.2344,
28.23, -38.31, 34.05, 4.50, 1.53, 2.73, -26.19, 8.13, -38.75, 2.2500,
28.23, -38.31, 34.05, 4.50, 1.53, 2.73, -26.19, 8.13, -38.75, 2.2500,
39.88, -21.57, 22.18, -0.65, 2.76, 3.58, -17.63, 3.75, -43.63, 2.3281,
9.38, -3.95, 2.80, 1.02, 1.45, 2.89, -17.63, 3.75, -43.63, 2.3438,
9.38, -3.95, 2.80, 1.02, 1.45, 2.89, -17.63, 3.75, -43.63, 2.3438,
9.38, -3.95, 2.80, 1.02, 1.45, 2.89, -17.63, 3.75, -43.63, 2.3438,
9.38, -3.95, 2.80, 1.02, 1.45, 2.89, -17.63, 3.75, -43.63, 2.3438,
9.38, -3.95, 2.80, 1.02, 1.45, 2.89, -17.63, 3.75, -43.63, 2.3438,
9.38, -3.95, 2.80, 1.02, 1.45, 2.89, -17.63, 3.75, -43.63, 2.3594,
6.40, 5.29, -11.04, 0.12, -0.05, 1.81, -12.88, 4.31, -44.19, 2.4375,
6.40, 5.29, -11.04, -0.36, -0.97, 0.07, -12.88, 4.31, -44.19, 2.4375,
6.40, 5.29, -11.04, -0.36, -0.97, 0.07, -12.88, 4.31, -44.19, 2.4531,
6.40, 5.29, -11.04, -0.36, -0.97, 0.07, -12.88, 4.31, -44.19, 2.4531,
6.40, 5.29, -11.04, -0.36, -0.97, 0.07, -12.88, 4.31, -44.19, 2.4531,
6.40, 5.29, -11.04, -0.36, -0.97, 0.07, -12.88, 4.31, -44.19, 2.4531,
6.40, 5.29, -11.04, -0.36, -0.97, 0.07, -12.88, 4.31, -44.19, 2.4531,
5.82, 5.09, -10.31, -0.36, -0.97, 0.07, -13.88, 5.00, -41.75, 2.4688,
4.56, 3.71, -6.59, -1.01, -1.47, -4.17, -18.69, 6.19, -43.31, 2.5469,
4.56, 3.71, -6.59, -1.01, -1.47, -4.17, -18.69, 6.19, -43.31, 2.5469,
11.30, 1.00, -1.42, -1.01, -1.47, -4.17, -18.69, 6.19, -43.31, 2.5625,
11.30, 1.00, -1.42, -1.01, -1.47, -4.17, -23.44, 3.94, -37.31, 2.5625,
11.30, 1.00, -1.42, -1.01, -1.47, -4.17, -23.44, 3.94, -37.31, 2.5625,
11.30, 1.00, -1.42, -1.01, -1.47, -4.17, -23.44, 3.94, -37.31, 2.5625,
11.30, 1.00, -1.42, -1.01, -1.47, -4.17, -23.44, 3.94, -37.31, 2.5625,
39.88, -29.34, 28.04, -2.86, -1.15, -6.54, -25.25, 1.19, -38.69, 2.7344,
39.88, -29.34, 28.04, -2.86, -1.15, -6.54, -25.25, 1.19, -38.69, 2.7344,
39.88, -29.34, 28.04, -1.79, -0.26, -1.76, -25.25, 1.19, -38.69, 2.7344,
-3.91, -4.56, 5.90, -1.79, -0.26, -1.76, -25.25, 1.19, -38.69, 2.7500,
-3.91, -4.56, 5.90, -1.79, -0.26, -1.76, -25.25, 1.19, -38.69, 2.7500,
-3.91, -4.56, 5.90, -1.79, -0.26, -1.76, -25.25, 1.19, -38.69, 2.7500,
-3.91, -4.56, 5.90, -1.79, -0.26, -1.76, -25.25, 6.00, -36.63, 2.7500,
-11.64, 0.42, 5.05, 0.83, -0.21, 1.01, -26.12, 5.38, -38.75, 2.8438,
-11.64, 0.42, 5.05, 0.83, -0.21, 1.01, -26.12, 5.38, -38.75, 2.8438,
-11.64, 0.42, 5.05, 0.83, -0.21, 1.01, -26.12, 5.38, -38.75, 2.8438,
-11.64, 0.42, 5.05, 0.83, -0.21, 1.01, -26.12, 5.38, -38.75, 2.8594,
-11.64, 0.42, 5.05, 0.83, -0.21, 1.01, -26.12, 5.38, -38.75, 2.8594,
-11.64, 0.42, 5.05, 0.83, -0.21, 1.01, -25.63, 6.38, -36.19, 2.8594,
-11.64, 0.42, 5.05, 0.83, -0.21, 1.01, -25.63, 6.38, -36.19, 2.8594,
-10.80, -2.64, 3.68, 1.36, -0.07, 1.90, -25.56, 4.31, -36.69, 3.0156,
-10.80, -2.64, 3.68, 1.36, -0.07, 1.90, -25.56, 4.31, -36.69, 3.0156,
30.61, -16.74, 14.98, 1.36, -0.07, 1.90, -25.56, 4.31, -36.69, 3.0313,
30.61, -16.74, 14.98, 1.36, -0.07, 1.90, -25.56, 4.31, -36.69, 3.0313,
30.61, -16.74, 14.98, 0.80, 2.01, 4.48, -25.56, 4.31, -36.69, 3.0313,
30.61, -16.74, 14.98, 0.80, 2.01, 4.48, -25.56, 4.31, -36.69, 3.0469,
30.61, -16.74, 14.98, 0.80, 2.01, 4.48, -25.56, 4.31, -36.69, 3.0469,
30.61, -16.74, 14.98, 0.80, 2.01, 4.48, -25.56, 4.31, -36.69, 3.0469,
30.61, -16.74, 14.98, 0.80, 2.01, 4.48, -25.56, 4.31, -36.69, 3.0469,
30.61, -16.74, 14.98, 0.80, 2.01, 4.48, -25.56, 4.31, -36.69, 3.0469,
30.61, -16.74, 14.98, 0.80, 2.01, 4.48, -25.56, 4.31, -36.69, 3.0469,
15.82, -9.23, 6.55, 0.80, 2.01, 4.48, -15.69, 5.44, -42.25, 3.0625,
15.82, -9.23, 6.55, 0.80, 2.01, 4.48, -15.69, 5.44, -42.25, 3.0625,
15.82, -9.23, 6.55, 0.80, 2.01, 4.48, -15.69, 5.44, -42.25, 3.0625,
15.82, -9.23, 6.55, 0.80, 2.01, 4.48, -15.69, 5.44, -42.25, 3.0781,
8.46, 0.73, -1.23, 1.07, -0.58, 1.63, -13.13, 3.94, -42.06, 3.1563,
8.46, 0.73, -1.23, 1.07, -0.58, 1.63, -13.13, 3.94, -42.06, 3.1563,
8.46, 0.73, -1.23, 1.07, -0.58, 1.63, -13.13, 3.94, -42.06, 3.1719,
8.46, 0.73, -1.23, 1.07, -0.58, 1.63, -13.13, 3.94, -42.06, 3.1719,
8.46, 0.73, -1.23, 1.07, -0.58, 1.63, -13.13, 3.94, -42.06, 3.1719,
8.46, 0.73, -1.23, 1.07, -0.58, 1.63, -13.13, 3.94, -42.06, 3.1719,
8.46, 0.73, -1.23, 1.07, -0.58, 1.63, -13.13, 3.94, -42.06, 3.1719,
8.46, 0.73, -1.23, 1.07, -0.58, 1.63, -13.13, 3.94, -42.06, 3.1875,
4.18, 3.91, -8.35, 0.10, -1.57, -1.94, -16.00, 3.00, -41.88, 3.2656,
4.18, 3.91, -8.35, 0.10, -1.57, -1.94, -16.00, 3.00, -41.88, 3.2656,
4.18, 3.91, -8.35, 0.10, -1.57, -1.94, -16.00, 3.00, -41.88, 3.2656,
4.18, 3.91, -8.35, 0.10, -1.57, -1.94, -16.00, 3.00, -41.88, 3.2656,
4.18, 3.91, -8.35, 0.10, -1.57, -1.94, -16.00, 3.00, -41.88, 3.2813,
9.58, 1.04, -0.88, 0.10, -1.57, -1.94, -16.00, 3.00, -41.88, 3.2813,
9.58, 1.04, -0.88, 0.10, -1.57, -1.94, -16.00, 3.00, -41.88, 3.2813,
19.84, -7.36, 8.43, -1.93, -0.37, -3.92, -23.75, -0.94, -39.00, 3.3594,
19.84, -7.36, 8.43, -1.93, -0.37, -3.92, -23.75, -0.94, -39.00, 3.3750,
24.86, -15.59, 18.70, -1.93, -0.37, -3.92, -23.75, -0.94, -39.00, 3.3750,
24.86, -15.59, 18.70, -1.93, -0.37, -3.92, -23.75, -0.94, -39.00, 3.3750,
24.86, -15.59, 18.70, -1.93, -0.37, -3.92, -23.75, -0.94, -39.00, 3.3750,
24.86, -15.59, 18.70, -1.93, -0.37, -3.92, -23.75, -0.94, -39.00, 3.3750,
24.86, -15.59, 18.70, -2.63, 0.32, -1.84, -23.75, -0.94, -39.00, 3.3906,
3.60, -7.39, 9.89, -2.15, -0.07, -2.52, -23.13, 1.81, -39.44, 3.4844,
3.60, -7.39, 9.89, -2.15, -0.07, -2.52, -23.13, 1.81, -39.44, 3.4844,
3.60, -7.39, 9.89, -2.15, -0.07, -2.52, -23.13, 1.81, -39.44, 3.4844,
3.60, -7.39, 9.89, -1.80, -0.69, -1.85, -23.13, 1.81, -39.44, 3.4844,
3.60, -7.39, 9.89, -1.80, -0.69, -1.85, -23.13, 1.81, -39.44, 3.5000,
3.60, -7.39, 9.89, -1.80, -0.69, -1.85, -23.13, 1.81, -39.44, 3.5000,
-4.06, -1.46, 4.29, -1.80, -0.69, -1.85, -23.13, 1.81, -39.44, 3.5000,
-5.40, -7.66, 9.12, -1.08, -0.63, -0.22, -26.44, 7.13, -37.13, 3.6563,
-5.40, -7.66, 9.12, -1.08, -0.63, -0.22, -26.44, 7.13, -37.13, 3.6719,
-5.40, -7.66, 9.12, -1.08, -0.63, -0.22, -26.44, 7.13, -37.13, 3.6719,
-5.40, -7.66, 9.12, -1.08, -0.63, -0.22, -26.44, 7.13, -37.13, 3.6719,
-5.40, -7.66, 9.12, -1.08, -0.63, -0.22, -26.44, 7.13, -37.13, 3.6719,
-5.40, -7.66, 9.12, -1.08, -0.63, -0.22, -26.44, 7.13, -37.13, 3.6719,
-5.40, -7.66, 9.12, -1.08, -0.63, -0.22, -26.44, 7.13, -37.13, 3.6875,
-5.40, -7.66, 9.12, -1.08, -0.63, -0.22, -26.44, 7.13, -37.13, 3.6875,
3.87, -21.68, 23.37, 2.72, 2.68, 4.31, -24.44, 7.06, -40.31, 3.7656,
3.87, -21.68, 23.37, 2.72, 2.68, 4.31, -24.44, 7.06, -40.31, 3.7656,
3.87, -21.68, 23.37, 2.72, 2.68, 4.31, -24.44, 7.06, -40.31, 3.7813,
3.87, -21.68, 23.37, 2.72, 2.68, 4.31, -24.44, 7.06, -40.31, 3.7813,
3.87, -21.68, 23.37, 2.72, 2.68, 4.31, -24.44, 7.06, -40.31, 3.7813,
19.80, -9.16, 6.28, 2.72, 2.68, 4.31, -24.44, 7.06, -40.31, 3.7813,
19.80, -9.16, 6.28, 1.63, 1.69, 3.92, -24.44, 7.06, -40.31, 3.7969,
9.65, 0.57, -1.84, 1.12, 0.03, 2.32, -10.75, 5.25, -44.81, 3.8750,
4.98, 4.98, -8.92, 1.12, 0.03, 2.32, -10.75, 5.25, -44.81, 3.8750,
4.98, 4.98, -8.92, 1.12, 0.03, 2.32, -10.75, 5.25, -44.81, 3.8750,
4.98, 4.98, -8.92, 1.12, 0.03, 2.32, -10.75, 5.25, -44.81, 3.8906,
4.98, 4.98, -8.92, 0.36, -1.07, 0.72, -10.75, 5.25, -44.81, 3.8906,
4.98, 4.98, -8.92, 0.36, -1.07, 0.72, -10.75, 5.25, -44.81, 3.8906,
4.98, 4.98, -8.92, 0.36, -1.07, 0.72, -10.75, 5.25, -44.81, 3.8906,
4.98, 4.98, -8.92, 0.36, -1.07, 0.72, -10.75, 5.25, -44.81, 3.8906,
5.52, 5.52, -10.19, -0.98, -1.12, -2.68, -15.69, 5.44, -42.25, 3.9844,
5.52, 5.52, -10.19, -0.98, -1.12, -2.68, -15.69, 5.44, -42.25, 3.9844,
5.52, 5.52, -10.19, -0.98, -1.12, -2.68, -15.69, 5.44, -42.25, 4.0000,
7.01, 0.96, -2.30, -0.98, -1.12, -2.68, -15.69, 5.44, -42.25, 4.0000,
7.01, 0.96, -2.30, -0.98, -1.12, -2.68, -19.19, 5.50, -39.56, 4.0000,
7.01, 0.96, -2.30, -0.98, -1.12, -2.68, -19.19, 5.50, -39.56, 4.0156,
7.01, 0.96, -2.30, -0.98, -1.12, -2.68, -19.19, 5.50, -39.56, 4.0156,
33.44, -22.83, 20.84, -1.86, -0.89, -4.54, -22.50, 4.56, -40.19, 4.0938,
33.44, -22.83, 20.84, -1.86, -0.89, -4.54, -22.50, 4.56, -40.19, 4.0938,
33.44, -22.83, 20.84, -1.86, -0.89, -4.54, -22.50, 4.56, -40.19, 4.0938,
33.44, -22.83, 20.84, -1.86, -0.89, -4.54, -22.31, 7.00, -36.38, 4.1094,
33.44, -22.83, 20.84, -1.86, -0.89, -4.54, -22.31, 7.00, -36.38, 4.1094,
33.44, -22.83, 20.84, -1.86, -0.89, -4.54, -22.31, 7.00, -36.38, 4.1094,
33.44, -22.83, 20.84, -1.86, -0.89, -4.54, -22.31, 7.00, -36.38, 4.1094,
4.83, -12.76, 13.29, -2.44, -0.08, -1.96, -22.88, 8.00, -38.06, 4.2031,
4.83, -12.76, 13.29, -2.44, -0.08, -1.96, -22.88, 8.00, -38.06, 4.2031,
4.83, -12.76, 13.29, -2.44, -0.08, -1.96, -22.88, 8.00, -38.06, 4.2031,
4.83, -12.76, 13.29, -2.44, -0.08, -1.96, -23.81, 8.06, -35.31, 4.2031,
4.83, -12.76, 13.29, -2.44, -0.08, -1.96, -23.81, 8.06, -35.31, 4.2031,
4.83, -12.76, 13.29, -2.44, -0.08, -1.96, -23.81, 8.06, -35.31, 4.2188,
4.83, -12.76, 13.29, -2.44, -0.08, -1.96, -23.81, 8.06, -35.31, 4.2188,
-6.13, -0.11, 7.63, 0.38, -0.10, -0.75, -25.75, 6.75, -38.31, 4.2969,
-6.13, -0.11, 7.63, 0.38, -0.10, -0.75, -25.75, 6.75, -38.31, 4.2969,
-6.13, -0.11, 7.63, 0.38, -0.10, -0.75, -25.75, 6.75, -38.31, 4.2969,
-6.13, -0.11, 7.63, 0.38, -0.10, -0.75, -24.87, 6.38, -36.12, 4.3125,
-6.13, -0.11, 7.63, 0.38, -0.10, -0.75, -24.87, 6.38, -36.12, 4.3125,
-10.27, -1.23, 4.18, 0.38, -0.10, -0.75, -24.87, 6.38, -36.12, 4.3125,
-10.27, -1.23, 4.18, 0.38, -0.10, -0.75, -24.87, 6.38, -36.12, 4.3281,
-8.39, -2.18, 5.29, 2.72, 1.12, 1.84, -24.56, 1.19, -40.31, 4.4063,
-8.39, -2.18, 5.29, 2.72, 1.12, 1.84, -21.00, -1.69, -37.19, 4.4063,
-8.39, -2.18, 5.29, 2.72, 1.12, 1.84, -21.00, -1.69, -37.19, 4.4063,
-8.39, -2.18, 5.29, 2.72, 1.12, 1.84, -21.00, -1.69, -37.19, 4.4063,
-8.39, -2.18, 5.29, 2.72, 1.12, 1.84, -21.00, -1.69, -37.19, 4.4063,
-0.15, -12.64, 13.11, 2.72, 1.12, 1.84, -21.00, -1.69, -37.19, 4.4219,
-0.15, -12.64, 13.11, 2.72, 1.12, 1.84, -21.00, -1.69, -37.19, 4.4219,
-0.15, -12.64, 13.11, 2.72, 1.12, 1.84, -21.00, -1.69, -37.19, 4.4219,
4.37, 3.83, -7.55, 1.34, 1.72, 2.64, -17.88, -4.19, -40.25, 4.6719,
4.37, 3.83, -7.55, 1.34, 1.72, 2.64, -17.88, -4.19, -40.25, 4.6719,
4.37, 3.83, -7.55, 1.34, 1.72, 2.64, -17.88, -4.19, -40.25, 4.6719,
4.37, 3.83, -7.55, 1.34, 1.72, 2.64, -17.88, -4.19, -40.25, 4.6719,
4.37, 3.83, -7.55, 1.34, 1.72, 2.64, -17.88, -4.19, -40.25, 4.6875,
4.37, 3.83, -7.55, 1.34, 1.72, 2.64, -17.88, -4.19, -40.25, 4.6875,
4.37, 3.83, -7.55, -0.69, -0.81, -1.13, -17.88, -4.19, -40.25, 4.6875,
4.45, 2.87, -5.67, -0.69, -0.81, -1.13, -17.88, -4.19, -40.25, 4.6875,
4.45, 2.87, -5.67, -0.69, -0.81, -1.13, -17.88, -4.19, -40.25, 4.7031,
4.45, 2.87, -5.67, -0.69, -0.81, -1.13, -17.88, -4.19, -40.25, 4.7031,
4.45, 2.87, -5.67, -0.69, -0.81, -1.13, -17.88, -4.19, -40.25, 4.7031,
4.45, 2.87, -5.67, -0.69, -0.81, -1.13, -18.56, -3.81, -39.06, 4.7031,
4.45, 2.87, -5.67, -0.69, -0.81, -1.13, -18.56, -3.81, -39.06, 4.7188,
4.45, 2.87, -5.67, -0.69, -0.81, -1.13, -18.56, -3.81, -39.06, 4.7188,
9.61, -1.27, -3.03, -0.80, -0.70, -2.71, -21.25, -4.75, -42.19, 4.7969,
9.61, -1.27, -3.03, -0.80, -0.70, -2.71, -21.25, -4.75, -42.19, 4.7969,
9.61, -1.27, -3.03, -0.80, -0.70, -2.71, -21.25, -4.75, -42.19, 4.8125,
9.61, -1.27, -3.03, -0.80, -0.70, -2.71, -22.88, -4.75, -38.06, 4.8125,
9.61, -1.27, -3.03, -0.80, -0.70, -2.71, -22.88, -4.75, -38.06, 4.8125,
9.61, -1.27, -3.03, -0.80, -0.70, -2.71, -22.88, -4.75, -38.06, 4.8125,
27.58, -14.21, 17.70, -0.80, -0.70, -2.71, -22.88, -4.75, -38.06, 4.8281,
25.75, -14.40, 19.31, -3.28, -0.82, -2.61, -25.44, -1.56, -37.00, 4.9063,
5.05, -10.19, 13.33, -3.28, -0.82, -2.61, -25.44, -1.56, -37.00, 4.9063,
5.05, -10.19, 13.33, -3.28, -0.82, -2.61, -25.44, -1.56, -37.00, 4.9219,
5.05, -10.19, 13.33, -3.28, -0.82, -2.61, -25.44, -1.56, -37.00, 4.9219,
5.05, -10.19, 13.33, -3.28, -0.82, -2.61, -25.44, -1.56, -37.00, 4.9219,
5.05, -10.19, 13.33, -3.28, -0.82, -2.61, -25.44, -1.56, -37.00, 4.9219,
5.05, -10.19, 13.33, -3.28, -0.82, -2.61, -25.44, -1.56, -37.00, 4.9219,
-7.17, -0.46, 6.44, -2.17, -0.56, -0.77, -28.38, 4.06, -35.56, 5.0156,
-7.17, -0.46, 6.44, -2.17, -0.56, -0.77, -28.38, 4.06, -35.56, 5.0156,
-7.17, -0.46, 6.44, -2.17, -0.56, -0.77, -28.38, 4.06, -35.56, 5.0156,
-7.17, -0.46, 6.44, -2.17, -0.56, -0.77, -28.38, 4.06, -35.56, 5.0156,
-7.17, -0.46, 6.44, -2.17, -0.56, -0.77, -28.38, 4.06, -35.56, 5.0313,
-7.17, -0.46, 6.44, -2.17, -0.56, -0.77, -28.38, 4.06, -35.56, 5.0313,
-7.17, -0.46, 6.44, -2.17, -0.56, -0.77, -28.38, 4.06, -35.56, 5.0313,
-7.17, -0.46, 6.44, -0.10, -0.16, 0.75, -28.38, 4.06, -35.56, 5.0469,
-10.61, -3.98, 7.55, 1.79, 0.38, 1.86, -28.06, 6.13, -35.13, 5.1250,
-10.61, -3.98, 7.55, 1.79, 0.38, 1.86, -28.06, 6.13, -35.13, 5.1250,
-4.98, -5.21, 7.05, 1.41, 0.65, 2.42, -28.06, 6.13, -35.13, 5.1406,
-4.98, -5.21, 7.05, 1.41, 0.65, 2.42, -28.06, 6.13, -35.13, 5.1406,
-4.98, -5.21, 7.05, 1.41, 0.65, 2.42, -28.06, 6.13, -35.13, 5.1406,
-4.98, -5.21, 7.05, 1.41, 0.65, 2.42, -28.06, 6.13, -35.13, 5.1406,
-4.98, -5.21, 7.05, 1.41, 0.65, 2.42, -28.06, 6.13, -35.13, 5.1563,
44.48, -33.14, 21.95, 3.21, 0.58, 2.94, -23.50, 3.25, -39.00, 5.2344,
44.48, -33.14, 21.95, 3.45, 1.84, 4.08, -23.50, 3.25, -39.00, 5.2344,
44.48, -33.14, 21.95, 3.45, 1.84, 4.08, -23.50, 3.25, -39.00, 5.2344,
44.48, -33.14, 21.95, 3.45, 1.84, 4.08, -23.50, 3.25, -39.00, 5.2500,
44.48, -33.14, 21.95, 3.45, 1.84, 4.08, -23.50, 3.25, -39.00, 5.2500,
44.48, -33.14, 21.95, 3.45, 1.84, 4.08, -23.50, 3.25, -39.00, 5.2500,
44.48, -33.14, 21.95, 3.45, 1.84, 4.08, -23.50, 3.25, -39.00, 5.2500,
29.27, -13.02, 9.04, 0.68, 0.44, 1.82, -17.19, 1.31, -43.56, 5.3438,
29.27, -13.02, 9.04, 0.68, 0.44, 1.82, -17.19, 1.31, -43.56, 5.3438,
29.27, -13.02, 9.04, 0.68, 0.44, 1.82, -17.19, 1.31, -43.56, 5.3438,
29.27, -13.02, 9.04, 0.68, 0.44, 1.82, -17.19, 1.31, -43.56, 5.3594,
5.67, 1.76, -6.25, 0.68, 0.44, 1.82, -14.00, 0.88, -40.88, 5.3594,
5.67, 1.76, -6.25, 0.68, 0.44, 1.82, -14.00, 0.88, -40.88, 5.3594,
5.67, 1.76, -6.25, 0.68, 0.44, 1.82, -14.00, 0.88, -40.88, 5.3594,
5.67, 1.76, -6.25, 0.68, 0.44, 1.82, -14.00, 0.88, -40.88, 5.3594,
5.64, 3.07, -2.41, 0.28, -0.34, 0.86, -15.00, 0.56, -44.63, 5.5156,
5.64, 3.07, -2.41, 0.28, -0.34, 0.86, -15.00, 0.56, -44.63, 5.5313,
5.64, 3.07, -2.41, 0.28, -0.34, 0.86, -15.00, 0.56, -44.63, 5.5313,
5.64, 3.07, -2.41, 0.28, -0.34, 0.86, -15.00, 0.56, -44.63, 5.5313,
5.64, 3.07, -2.41, -1.61, -1.41, -3.85, -15.00, 0.56, -44.63, 5.5469,
12.03, -0.08, -0.61, -1.61, -1.41, -3.85, -15.00, 0.56, -44.63, 5.5469,
12.03, -0.08, -0.61, -1.61, -1.41, -3.85, -15.00, 0.56, -44.63, 5.5469,
31.41, -13.02, 13.64, -3.50, -1.01, -4.84, -25.13, 0.19, -37.44, 5.6250,
31.41, -13.02, 13.64, -3.50, -1.01, -4.84, -25.13, 0.19, -37.44, 5.6406,
19.85, -17.20, 15.29, -2.16, -0.24, -2.08, -25.13, 0.19, -37.44, 5.6406,
19.85, -17.20, 15.29, -2.16, -0.24, -2.08, -25.13, 0.19, -37.44, 5.6406,
19.85, -17.20, 15.29, -2.16, -0.24, -2.08, -25.13, 0.19, -37.44, 5.6406,
19.85, -17.20, 15.29, -2.16, -0.24, -2.08, -25.13, 0.19, -37.44, 5.6563,
19.85, -17.20, 15.29, -2.16, -0.24, -2.08, -25.13, 0.19, -37.44, 5.6563,
2.80, -12.45, 12.98, 0.05, -0.19, -0.56, -26.56, 0.88, -36.69, 5.7344,
2.80, -12.45, 12.98, 0.05, -0.19, -0.56, -26.56, 0.88, -36.69, 5.7344,
2.80, -12.45, 12.98, 0.05, -0.19, -0.56, -26.56, 0.88, -36.69, 5.7500,
2.80, -12.45, 12.98, 0.05, -0.19, -0.56, -26.56, 0.88, -36.69, 5.7500,
2.80, -12.45, 12.98, 0.05, -0.19, -0.56, -26.56, 0.88, -36.69, 5.7500,
2.80, -12.45, 12.98, 0.05, -0.19, -0.56, -26.56, 0.88, -36.69, 5.7500,
2.80, -12.45, 12.98, 0.05, -0.19, -0.56, -27.25, 1.56, -35.06, 5.7656,
-8.43, -0.88, 5.32, 0.05, -0.19, -0.56, -27.25, 1.56, -35.06, 5.7656,
-9.58, 0.65, 0.92, 0.69, 0.30, 0.84, -27.31, -2.19, -37.50, 5.8438,
-9.58, 0.65, 0.92, 0.69, 0.30, 0.84, -27.31, -2.19, -37.50, 5.8594,
-9.58, 0.65, 0.92, 0.69, 0.30, 0.84, -27.19, -0.44, -35.44, 5.8594,
-7.66, -0.30, 3.87, 0.69, 0.30, 0.84, -27.19, -0.44, -35.44, 5.8594,
-7.66, -0.30, 3.87, 0.69, 0.30, 0.84, -27.19, -0.44, -35.44, 5.8594,
-7.66, -0.30, 3.87, 0.69, 0.30, 0.84, -27.19, -0.44, -35.44, 5.8750,
-7.66, -0.30, 3.87, 0.69, 0.30, 0.84, -27.19, -0.44, -35.44, 5.8750,
-7.28, -2.57, 4.14, 1.84, -0.35, 1.52, -27.94, -0.81, -35.88, 5.9531,
-7.28, -2.57, 4.14, 1.84, -0.35, 1.52, -27.94, -0.81, -35.88, 5.9531,
-7.28, -2.57, 4.14, 1.84, -0.35, 1.52, -27.94, -0.81, -35.88, 5.9688,
-7.28, -2.57, 4.14, 1.84, -0.35, 1.52, -27.94, -0.81, -35.88, 5.9688,
-7.28, -2.57, 4.14, 1.84, -0.35, 1.52, -27.94, -0.81, -35.88, 5.9688,
-7.28, -2.57, 4.14, 1.84, -0.35, 1.52, -27.94, -0.81, -35.88, 5.9688,
-7.28, -2.57, 4.14, 1.84, -0.35, 1.52, -27.94, -0.81, -35.88, 5.9688,
31.49, -15.55, 12.45, 3.48, 1.87, 3.82, -20.25, -1.00, -41.25, 6.0625,
31.49, -15.55, 12.45, 3.48, 1.87, 3.82, -20.25, -1.00, -41.25, 6.0625,
31.49, -15.55, 12.45, 3.48, 1.87, 3.82, -20.25, -1.00, -41.25, 6.0625,
31.49, -15.55, 12.45, 3.48, 1.87, 3.82, -20.25, -1.00, -41.25, 6.0625,
31.49, -15.55, 12.45, 3.48, 1.87, 3.82, -20.25, -1.00, -41.25, 6.0625,
31.49, -15.55, 12.45, 3.48, 1.87, 3.82, -20.25, -1.00, -41.25, 6.0625,
9.39, -1.68, 1.15, 3.48, 1.87, 3.82, -20.25, -1.00, -41.25, 6.0781,
9.39, -1.68, 1.15, 3.48, 1.87, 3.82, -20.25, -1.00, -41.25, 6.0781,
5.52, 1.46, -5.60, 0.57, 0.21, 1.91, -19.56, -0.69, -42.44, 6.1563,
5.52, 1.46, -5.60, 0.57, 0.21, 1.91, -19.56, -0.69, -42.44, 6.1719,
5.52, 1.46, -5.60, 0.57, 0.21, 1.91, -19.56, -0.69, -42.44, 6.1719,
5.36, 5.82, -11.19, 0.57, 0.21, 1.91, -19.56, -0.69, -42.44, 6.1719,
5.36, 5.82, -11.19, 0.57, 0.21, 1.91, -19.56, -0.69, -42.44, 6.1719,
5.36, 5.82, -11.19, 0.57, 0.21, 1.91, -19.56, -0.69, -42.44, 6.1719,
5.36, 5.82, -11.19, 0.57, 0.21, 1.91, -19.56, -0.69, -42.44, 6.1875,
4.06, 6.24, -10.03, -0.54, -1.45, -3.38, -18.75, 0.63, -40.75, 6.3438,
4.06, 6.24, -10.03, -0.54, -1.45, -3.38, -18.75, 0.63, -40.75, 6.3438,
4.06, 6.24, -10.03, -0.54, -1.45, -3.38, -18.75, 0.63, -40.75, 6.3438,
4.06, 6.24, -10.03, -0.54, -1.45, -3.38, -18.75, 0.63, -40.75, 6.3438,
4.06, 6.24, -10.03, -0.54, -1.45, -3.38, -18.75, 0.63, -40.75, 6.3594,
20.11, -20.38, 23.25, -0.54, -1.45, -3.38, -28.00, -4.94, -33.38, 6.3594,
20.11, -20.38, 23.25, -0.54, -1.45, -3.38, -28.00, -4.94, -33.38, 6.3594,
18.54, -16.70, 23.56, 0.94, 0.59, 0.91, -28.50, -7.69, -36.75, 6.4531,
18.54, -16.70, 23.56, 0.94, 0.59, 0.91, -28.50, -7.69, -36.75, 6.4531,
5.52, -4.06, 11.19, 0.94, 0.59, 0.91, -27.94, -7.00, -33.38, 6.4531,
5.52, -4.06, 11.19, 0.94, 0.59, 0.91, -27.94, -7.00, -33.38, 6.4688,
5.52, -4.06, 11.19, 0.94, 0.59, 0.91, -27.94, -7.00, -33.38, 6.4688,
5.52, -4.06, 11.19, 0.94, 0.59, 0.91, -27.94, -7.00, -33.38, 6.4688,
5.52, -4.06, 11.19, 0.94, 0.59, 0.91, -27.94, -7.00, -33.38, 6.4688,
5.52, -4.06, 11.19, 0.94, 0.59, 0.91, -27.94, -7.00, -33.38, 6.4688,
1.91, -1.76, 6.02, 0.27, 1.16, 1.51, -24.94, -5.38, -37.37, 6.5625,
1.91, -1.76, 6.02, 0.27, 1.16, 1.51, -24.94, -5.38, -37.37, 6.5625,
1.91, -1.76, 6.02, 0.27, 1.16, 1.51, -24.94, -5.38, -37.37, 6.5625,
1.91, -1.76, 6.02, 0.27, 1.16, 1.51, -24.94, -5.38, -37.37, 6.5625,
1.91, -1.76, 6.02, 0.27, 1.16, 1.51, -24.94, -5.38, -37.37, 6.5781,
1.91, -1.76, 6.02, 0.27, 1.16, 1.51, -24.94, -5.38, -37.37, 6.5781,
-4.29, -1.00, 2.26, 0.27, 1.16, 1.51, -24.94, -5.38, -37.37, 6.5781,
-4.45, -2.53, 3.98, 1.99, 1.73, 3.92, -20.19, -4.13, -42.00, 6.6563,
-4.45, -2.53, 3.98, 1.99, 1.73, 3.92, -20.19, -4.13, -42.00, 6.6719,
-4.45, -2.53, 3.98, 1.99, 1.73, 3.92, -20.19, -4.13, -42.00, 6.6719,
-4.10, -9.12, 12.64, 1.99, 1.73, 3.92, -20.19, -4.13, -42.00, 6.6719,
-4.10, -9.12, 12.64, 1.99, 1.73, 3.92, -20.19, -4.13, -42.00, 6.6719,
-4.10, -9.12, 12.64, 1.99, 1.73, 3.92, -20.19, -4.13, -42.00, 6.6875,
-4.10, -9.12, 12.64, 2.81, 1.25, 4.26, -20.19, -4.13, -42.00, 6.6875,
3.83, -18.12, 24.32, 2.98, 1.25, 3.25, -15.75, -9.38, -43.38, 6.7656,
3.83, -18.12, 24.32, 2.98, 1.25, 3.25, -15.75, -9.38, -43.38, 6.7813,
3.83, -18.12, 24.32, 2.98, 1.25, 3.25, -15.75, -9.38, -43.38, 6.7813,
3.83, -18.12, 24.32, 2.98, 1.25, 3.25, -15.75, -9.38, -43.38, 6.7813,
3.83, -18.12, 24.32, 0.55, 0.63, 3.02, -15.75, -9.38, -43.38, 6.7813,
3.83, -18.12, 24.32, 0.55, 0.63, 3.02, -15.75, -9.38, -43.38, 6.7969,
3.83, -18.12, 24.32, 0.55, 0.63, 3.02, -15.75, -9.38, -43.38, 6.7969,
3.83, -18.12, 24.32, 0.55, 0.63, 3.02, -15.75, -9.38, -43.38, 6.7969,
2.91, -3.64, 6.97, 0.19, -0.34, 2.57, -14.88, -8.38, -40.88, 6.8750,
2.91, -3.64, 6.97, 0.19, -0.34, 2.57, -14.88, -8.38, -40.88, 6.8750,
2.91, -3.64, 6.97, 0.19, -0.34, 2.57, -14.88, -8.38, -40.88, 6.8750,
2.91, -3.64, 6.97, 0.60, -0.64, 1.87, -14.88, -8.38, -40.88, 6.8906,
2.91, -3.64, 6.97, 0.60, -0.64, 1.87, -14.88, -8.38, -40.88, 6.8906,
2.42, 1.04, 0.00, 0.60, -0.64, 1.87, -14.88, -8.38, -40.88, 6.8906,
2.42, 1.04, 0.00, 0.60, -0.64, 1.87, -14.88, -8.38, -40.88, 6.8906,
3.06, 0.84, 0.80, 1.27, 0.13, 0.63, -19.81, -5.19, -42.00, 6.9844,
3.06, 0.84, 0.80, 1.27, 0.13, 0.63, -19.81, -5.19, -42.00, 7.0000,
3.06, 0.84, 0.80, 1.27, 0.13, 0.63, -19.81, -5.19, -42.00, 7.0000,
3.06, 0.84, 0.80, 1.27, 0.13, 0.63, -19.81, -5.19, -42.00, 7.0000,
3.06, 0.84, 0.80, 1.27, 0.13, 0.63, -19.81, -5.19, -42.00, 7.0000,
3.06, 0.84, 0.80, 1.27, 0.13, 0.63, -19.25, -6.50, -39.94, 7.0156,
3.06, 0.84, 0.80, 1.27, 0.13, 0.63, -19.25, -6.50, -39.94, 7.0156,
2.76, -0.73, 3.91, 1.27, 0.13, 0.63, -19.25, -6.50, -39.94, 7.0156,
1.53, -0.80, 8.62, 1.37, -1.21, -1.11, -18.44, -8.63, -40.25, 7.0938,
1.53, -0.80, 8.62, 1.37, -1.21, -1.11, -18.44, -8.63, -40.25, 7.0938,
1.53, -0.80, 8.62, 1.37, -1.21, -1.11, -18.75, -9.00, -39.44, 7.1094,
1.80, -0.73, 19.50, 1.37, -1.21, -1.11, -18.75, -9.00, -39.44, 7.1094,
1.80, -0.73, 19.50, 1.37, -1.21, -1.11, -18.75, -9.00, -39.44, 7.1250,
1.80, -0.73, 19.50, 1.37, -1.21, -1.11, -18.75, -9.00, -39.44, 7.1250,
1.80, -0.73, 19.50, 1.37, -1.21, -1.11, -18.75, -9.00, -39.44, 7.1250,
-1.27, 1.19, 13.29, 1.15, -1.28, -0.37, -21.94, -13.63, -39.25, 7.2188,
-1.27, 1.19, 13.29, 1.15, -1.28, -0.37, -21.94, -13.63, -39.25, 7.2188,
-1.27, 1.19, 13.29, 1.15, -1.28, -0.37, -21.94, -13.63, -39.25, 7.2188,
-1.27, 1.19, 13.29, 1.15, -1.28, -0.37, -21.94, -13.63, -39.25, 7.2188,
-1.27, 1.19, 13.29, 1.15, -1.28, -0.37, -21.94, -13.63, -39.25, 7.2188,
-1.27, 1.19, 13.29, 1.15, -1.28, -0.37, -21.94, -13.63, -39.25, 7.2344,
-1.27, 1.19, 13.29, 1.15, -1.28, -0.37, -21.94, -13.63, -39.25, 7.2344,
-1.68, 2.72, 9.30, -0.77, 0.22, 0.82, -23.06, -11.19, -38.06, 7.3906,
-1.68, 2.72, 9.30, -0.77, 0.22, 0.82, -23.06, -11.19, -38.06, 7.3906,
-3.26, -0.08, 4.10, -0.77, 0.22, 0.82, -23.06, -11.19, -38.06, 7.3906,
-3.26, -0.08, 4.10, -0.77, 0.22, 0.82, -23.06, -11.19, -38.06, 7.3906,
-3.26, -0.08, 4.10, -0.77, 0.22, 0.82, -24.06, -8.50, -36.06, 7.4063,
-3.26, -0.08, 4.10, -0.77, 0.22, 0.82, -24.06, -8.50, -36.06, 7.4063,
-3.26, -0.08, 4.10, -0.77, 0.22, 0.82, -24.06, -8.50, -36.06, 7.4063,
-3.26, -0.08, 4.10, -0.77, 0.22, 0.82, -24.06, -8.50, -36.06, 7.4063,
