-1.07, 4.56, 8.32, -0.09, -0.14, -0.00, 19.69, -12.63, -42.50, 0.0313,
-1.27, 4.48, 8.58, -0.09, -0.14, -0.00, 19.69, -12.63, -42.50, 0.0313,
-1.27, 4.48, 8.58, -0.09, -0.14, -0.00, 19.69, -12.63, -42.50, 0.0469,
-1.27, 4.48, 8.58, 0.00, -0.10, -0.06, 19.69, -12.63, -42.50, 0.0469,
-1.27, 4.48, 8.58, 0.00, -0.10, -0.06, 19.69, -12.63, -42.50, 0.0469,
-1.27, 4.48, 8.58, 0.00, -0.10, -0.06, 19.69, -12.63, -42.50, 0.0469,
-1.27, 4.48, 8.58, 0.00, -0.10, -0.06, 19.69, -12.63, -42.50, 0.0469,
-1.27, 4.48, 8.58, 0.00, -0.10, -0.06, 19.69, -12.63, -42.50, 0.0625,
-0.88, 4.86, 7.97, -0.09, 0.18, 0.04, 19.69, -13.75, -43.81, 0.1406,
-0.88, 4.86, 7.97, -0.09, 0.18, 0.04, 19.69, -13.75, -43.81, 0.1563,
-0.88, 4.86, 7.97, -0.09, 0.18, 0.04, 19.69, -13.75, -43.81, 0.1563,
-0.88, 4.86, 7.97, -0.09, 0.18, 0.04, 19.69, -13.75, -43.81, 0.1563,
-0.61, 4.83, 8.01, -0.09, 0.18, 0.04, 19.69, -13.75, -43.81, 0.1563,
-0.61, 4.83, 8.01, -0.09, 0.18, 0.04, 18.19, -13.00, -40.00, 0.1719,
-0.61, 4.83, 8.01, -0.09, 0.18, 0.04, 18.19, -13.00, -40.00, 0.1719,
-1.04, 4.52, 8.04, -0.09, 0.23, 0.10, 19.25, -14.50, -43.31, 0.2500,
-1.04, 4.52, 8.04, -0.09, 0.23, 0.10, 19.25, -14.50, -43.31, 0.2500,
-1.04, 4.52, 8.04, -0.09, 0.23, 0.10, 19.25, -14.50, -43.31, 0.2656,
-1.04, 4.52, 8.04, -0.09, 0.23, 0.10, 19.25, -14.50, -43.31, 0.2656,
-1.04, 4.52, 8.04, -0.09, 0.23, 0.10, 21.06, -13.56, -40.94, 0.2656,
-1.04, 4.52, 8.04, -0.09, 0.23, 0.10, 21.06, -13.56, -40.94, 0.2656,
-1.04, 4.52, 8.04, -0.09, 0.23, 0.10, 21.06, -13.56, -40.94, 0.2813,
-1.04, 4.52, 8.04, -0.09, 0.23, 0.10, 21.06, -13.56, -40.94, 0.2813,
-1.11, 4.67, 8.28, -0.02, -0.09, 0.05, 19.00, -13.06, -44.12, 0.3594,
-1.11, 4.67, 8.28, -0.02, -0.09, 0.05, 20.00, -12.56, -40.88, 0.3594,
-1.11, 4.67, 8.28, -0.02, -0.09, 0.05, 20.00, -12.56, -40.88, 0.3750,
-1.11, 4.67, 8.28, -0.02, -0.09, 0.05, 20.00, -12.56, -40.88, 0.3750,
-1.11, 4.67, 8.28, -0.02, -0.09, 0.05, 20.00, -12.56, -40.88, 0.3750,
-0.69, 4.64, 8.28, -0.02, -0.09, 0.05, 20.00, -12.56, -40.88, 0.3750,
-0.69, 4.64, 8.28, -0.02, -0.09, 0.05, 20.00, -12.56, -40.88, 0.3906,
-0.92, 4.60, 8.27, 0.03, -0.04, -0.05, 20.44, -12.94, -42.94, 0.4688,
-0.80, 4.67, 8.20, 0.03, -0.04, -0.05, 20.44, -12.94, -42.94, 0.4688,
-0.80, 4.67, 8.20, 0.03, -0.04, -0.05, 20.44, -12.94, -42.94, 0.4844,
-0.80, 4.67, 8.20, 0.03, -0.04, -0.05, 20.44, -12.94, -42.94, 0.4844,
-0.80, 4.67, 8.20, 0.03, -0.04, -0.05, 20.44, -12.94, -42.94, 0.4844,
-0.80, 4.67, 8.20, 0.03, -0.04, -0.05, 20.44, -12.94, -42.94, 0.4844,
-0.80, 4.67, 8.20, 0.03, -0.04, -0.05, 20.44, -12.94, -42.94, 0.4844,
-0.92, 4.45, 8.36, 0.06, 0.02, 0.00, 18.25, -13.44, -44.12, 0.5781,
-0.92, 4.45, 8.36, 0.06, 0.02, 0.00, 18.25, -13.44, -44.12, 0.5781,
-0.92, 4.45, 8.36, 0.06, 0.02, 0.00, 18.25, -13.44, -44.12, 0.5781,
-0.92, 4.45, 8.36, 0.06, 0.02, 0.00, 18.25, -13.44, -44.12, 0.5781,
-0.92, 4.45, 8.36, 0.06, 0.02, 0.00, 18.25, -13.44, -44.12, 0.5938,
-0.92, 4.45, 8.36, 0.06, 0.02, 0.00, 18.25, -13.44, -44.12, 0.5938,
-0.92, 4.45, 8.36, 0.00, 0.03, -0.01, 18.25, -13.44, -44.12, 0.5938,
-0.84, 4.37, 8.39, 0.00, 0.03, -0.01, 18.25, -13.44, -44.12, 0.5938,
-0.84, 4.60, 8.04, 0.04, 0.03, 0.02, 20.44, -12.94, -43.31, 0.6875,
-0.84, 4.60, 8.04, 0.04, 0.03, 0.02, 20.44, -12.94, -43.31, 0.6875,
-0.84, 4.60, 8.04, 0.04, 0.03, 0.02, 20.44, -12.94, -43.31, 0.6875,
-0.84, 4.60, 8.04, -0.03, -0.06, 0.00, 20.44, -12.94, -43.31, 0.7031,
-0.69, 4.45, 8.28, -0.03, -0.06, 0.00, 20.44, -12.94, -43.31, 0.7031,
-0.69, 4.45, 8.28, -0.03, -0.06, 0.00, 20.44, -12.94, -43.31, 0.7031,
-0.69, 4.45, 8.28, -0.03, -0.06, 0.00, 20.44, -12.94, -43.31, 0.7031,
-0.84, 4.60, 8.20, -0.01, 0.03, 0.00, 18.88, -14.13, -42.50, 0.7969,
-0.84, 4.60, 8.20, -0.01, 0.03, 0.00, 18.88, -14.13, -42.50, 0.7969,
-0.84, 4.60, 8.20, -0.01, 0.03, 0.00, 18.88, -14.13, -42.50, 0.7969,
-0.84, 4.60, 8.20, -0.01, 0.03, 0.00, 18.88, -14.13, -42.50, 0.8125,
-0.84, 4.60, 8.20, -0.01, 0.03, 0.00, 18.88, -14.13, -42.50, 0.8125,
-0.84, 4.60, 8.20, -0.01, 0.03, 0.00, 18.88, -14.13, -42.50, 0.8125,
-0.77, 4.60, 8.24, -0.01, 0.03, 0.00, 19.69, -12.19, -40.81, 0.8281,
-0.77, 4.60, 8.24, -0.01, 0.03, 0.00, 19.69, -12.19, -40.81, 0.8281,
-1.30, 4.56, 8.20, 0.01, -0.05, -0.01, 18.94, -13.44, -43.75, 0.9844,
-1.30, 4.56, 8.20, 0.05, -0.04, -0.00, 18.94, -13.44, -43.75, 1.0000,
-1.30, 4.56, 8.20, 0.05, -0.04, -0.00, 18.94, -13.44, -43.75, 1.0000,
-1.30, 4.56, 8.20, 0.05, -0.04, -0.00, 18.94, -13.44, -43.75, 1.0000,
-1.30, 4.56, 8.20, 0.05, -0.04, -0.00, 18.94, -13.44, -43.75, 1.0000,
-1.38, 4.79, 8.16, 0.05, -0.04, -0.00, 18.94, -13.44, -43.75, 1.0000,
-1.38, 4.79, 8.16, 0.05, -0.04, -0.00, 19.56, -13.31, -39.63, 1.0156,
-0.34, 4.52, 8.28, 0.05, -0.01, 0.02, 18.25, -12.69, -42.87, 1.1094,
-0.34, 4.52, 8.28, 0.05, -0.01, 0.02, 18.25, -12.69, -42.87, 1.1094,
-0.34, 4.52, 8.28, 0.05, -0.01, 0.02, 18.25, -12.69, -42.87, 1.1094,
-0.34, 4.52, 8.28, 0.05, -0.01, 0.02, 18.50, -14.13, -41.31, 1.1250,
-0.34, 4.52, 8.28, 0.05, -0.01, 0.02, 18.50, -14.13, -41.31, 1.1250,
-0.34, 4.52, 8.28, 0.05, -0.01, 0.02, 18.50, -14.13, -41.31, 1.1250,
-0.34, 4.52, 8.28, 0.05, -0.01, 0.02, 18.50, -14.13, -41.31, 1.1250,
-0.50, 4.45, 8.39, 0.02, 0.07, 0.09, 19.31, -14.13, -44.56, 1.2813,
-0.96, 4.64, 8.20, 0.04, 0.03, -0.06, 19.31, -14.13, -44.56, 1.2969,
-0.96, 4.64, 8.20, 0.04, 0.03, -0.06, 19.31, -14.13, -44.56, 1.2969,
-0.96, 4.64, 8.20, 0.04, 0.03, -0.06, 19.31, -14.13, -44.56, 1.2969,
-0.96, 4.64, 8.20, 0.04, 0.03, -0.06, 19.31, -14.13, -44.56, 1.2969,
-0.96, 4.64, 8.20, 0.04, 0.03, -0.06, 19.31, -14.13, -44.56, 1.3125,
-0.96, 4.64, 8.20, 0.04, 0.03, -0.06, 19.31, -14.13, -44.56, 1.3125,
-0.96, 4.64, 8.20, 0.04, 0.03, -0.06, 19.31, -14.13, -44.56, 1.3125,
-0.46, 4.79, 8.08, 0.05, 0.06, -0.03, 18.88, -14.50, -43.81, 1.3906,
-0.46, 4.79, 8.08, 0.05, 0.06, -0.03, 18.88, -14.50, -43.81, 1.3906,
-0.46, 4.79, 8.08, 0.05, 0.06, -0.03, 18.88, -14.50, -43.81, 1.4063,
-0.46, 4.79, 8.08, 0.05, 0.06, -0.03, 18.88, -14.50, -43.81, 1.4063,
-0.46, 4.79, 8.08, 0.05, 0.06, -0.03, 18.88, -14.50, -43.81, 1.4063,
-0.46, 4.79, 8.08, 0.05, 0.06, -0.03, 18.88, -14.50, -43.81, 1.4063,
-0.80, 4.75, 8.08, 0.05, 0.06, -0.03, 19.56, -14.06, -40.88, 1.4219,
-0.38, 4.64, 8.27, 0.03, 0.03, -0.05, 19.63, -13.75, -43.31, 1.5000,
-0.38, 4.64, 8.27, 0.03, 0.03, -0.05, 19.63, -13.75, -43.31, 1.5000,
-0.38, 4.64, 8.27, 0.03, 0.03, -0.05, 19.63, -13.75, -43.31, 1.5156,
-0.57, 4.83, 8.08, 0.03, 0.03, -0.05, 19.13, -14.69, -38.81, 1.5156,
-0.57, 4.83, 8.08, 0.03, 0.03, -0.05, 19.13, -14.69, -38.81, 1.5156,
-0.57, 4.83, 8.08, 0.03, 0.03, -0.05, 19.13, -14.69, -38.81, 1.5156,
-0.57, 4.83, 8.08, 0.03, 0.03, -0.05, 19.13, -14.69, -38.81, 1.5313,
-0.57, 4.83, 8.08, 0.03, 0.03, -0.05, 19.13, -14.69, -38.81, 1.5313,
-0.46, 4.86, 8.01, 0.11, 0.15, 0.08, 20.38, -13.69, -42.13, 1.6875,
-0.92, 5.05, 7.70, 0.11, 0.15, 0.08, 20.38, -13.69, -42.13, 1.7031,
-0.92, 5.05, 7.70, 0.11, 0.15, 0.08, 20.38, -13.69, -42.13, 1.7031,
-0.92, 5.05, 7.70, 0.11, 0.15, 0.08, 20.38, -13.69, -42.13, 1.7031,
-0.92, 5.05, 7.70, 0.11, 0.15, 0.08, 20.38, -13.69, -42.13, 1.7031,
-0.92, 5.05, 7.70, 0.11, 0.15, 0.08, 20.38, -13.69, -42.13, 1.7031,
-0.92, 5.05, 7.70, 0.11, 0.15, 0.08, 19.13, -15.13, -40.06, 1.7188,
-1.65, 5.02, 9.08, -0.09, 0.24, 0.34, 21.06, -14.69, -42.56, 1.7969,
-1.65, 5.02, 9.08, -0.09, 0.24, 0.34, 21.06, -14.69, -42.56, 1.8125,
-1.65, 5.02, 9.08, -0.09, 0.24, 0.34, 21.06, -14.69, -42.56, 1.8125,
-1.65, 5.02, 9.08, -0.09, 0.24, 0.34, 21.06, -14.69, -42.56, 1.8125,
-1.65, 5.02, 9.08, -0.09, 0.24, 0.34, 20.19, -15.75, -39.69, 1.8125,
-1.65, 5.02, 9.08, -0.09, 0.24, 0.34, 20.19, -15.75, -39.69, 1.8281,
-0.61, 4.64, 8.54, -0.09, 0.24, 0.34, 20.19, -15.75, -39.69, 1.8281,
-0.61, 4.64, 8.54, -0.09, 0.24, 0.34, 20.19, -15.75, -39.69, 1.8281,
-4.71, 6.63, 4.86, 3.13, 3.01, 2.69, 19.75, -30.88, -29.38, 1.9219,
-4.71, 6.63, 4.86, 3.13, 3.01, 2.69, 19.75, -30.88, -29.38, 1.9219,
-4.71, 6.63, 4.86, 3.13, 3.01, 2.69, 19.75, -30.88, -29.38, 1.9219,
-4.71, 6.63, 4.86, 3.13, 3.01, 2.69, 19.75, -30.88, -29.38, 1.9219,
-4.71, 6.63, 4.86, 3.13, 3.01, 2.69, 19.75, -30.88, -29.38, 1.9375,
-4.71, 6.63, 4.86, 3.13, 3.01, 2.69, 19.75, -30.88, -29.38, 1.9375,
-4.71, 6.63, 4.86, 3.13, 3.01, 2.69, 19.75, -30.88, -29.38, 1.9375,
-7.09, 1.19, -2.18, 2.65, 4.45, -0.03, 21.31, -34.87, -17.19, 2.0156,
-7.09, 1.19, -2.18, 2.65, 4.45, -0.03, 21.31, -34.87, -17.19, 2.0313,
-7.09, 1.19, -2.18, 2.65, 4.45, -0.03, 21.31, -34.87, -17.19, 2.0313,
-7.09, 1.19, -2.18, 2.65, 4.45, -0.03, 21.31, -34.87, -17.19, 2.0313,
-7.09, 1.19, -2.18, 2.65, 4.45, -0.03, 21.31, -34.87, -17.19, 2.0313,
-7.09, 1.19, -2.18, 2.65, 4.45, -0.03, 21.31, -34.87, -17.19, 2.0313,
-7.09, 1.19, -2.18, 2.65, 4.45, -0.03, 21.31, -34.87, -17.19, 2.0469,
-15.05, 8.89, -8.70, 3.33, 3.95, -2.98, 30.63, -26.63, 17.69, 2.1250,
-15.05, 8.89, -8.70, 3.33, 3.95, -2.98, 30.63, -26.63, 17.69, 2.1406,
-30.61, 28.73, -27.04, 5.60, 4.07, -4.70, 30.63, -26.63, 17.69, 2.1406,
-30.61, 28.73, -27.04, 5.60, 4.07, -4.70, 30.63, -26.63, 17.69, 2.1406,
-30.61, 28.73, -27.04, 5.60, 4.07, -4.70, 30.63, -26.63, 17.69, 2.1563,
-30.61, 28.73, -27.04, 5.60, 4.07, -4.70, 30.63, -26.63, 17.69, 2.1563,
-30.61, 28.73, -27.04, 5.60, 4.07, -4.70, 30.63, -26.63, 17.69, 2.1563,
-30.61, 28.73, -27.04, 5.60, 4.07, -4.70, 30.63, -26.63, 17.69, 2.1563,
-34.90, 34.90, -30.57, 7.79, 6.12, -6.17, -19.13, 44.19, 21.75, 2.3281,
-16.05, 12.98, 7.93, 7.79, 6.12, -6.17, -19.13, 44.19, 21.75, 2.3281,
-16.05, 12.98, 7.93, 7.79, 6.12, -6.17, -19.13, 44.19, 21.75, 2.3281,
-16.05, 12.98, 7.93, 7.79, 6.12, -6.17, -19.13, 44.19, 21.75, 2.3438,
-16.05, 12.98, 7.93, 5.07, 8.09, -3.35, -19.13, 44.19, 21.75, 2.3438,
-16.05, 12.98, 7.93, 5.07, 8.09, -3.35, -19.13, 44.19, 21.75, 2.3438,
-16.05, 12.98, 7.93, 5.07, 8.09, -3.35, -19.13, 44.19, 21.75, 2.3438,
6.51, -4.90, 6.67, 2.96, 4.97, -1.76, -29.88, 40.81, -0.19, 2.4375,
6.51, -4.90, 6.67, 2.96, 4.97, -1.76, -29.88, 40.81, -0.19, 2.4375,
6.51, -4.90, 6.67, 2.96, 4.97, -1.76, -29.88, 40.81, -0.19, 2.4375,
6.51, -4.90, 6.67, 1.38, 1.32, -0.35, -29.88, 40.81, -0.19, 2.4531,
6.51, -4.90, 6.67, 1.38, 1.32, -0.35, -29.88, 40.81, -0.19, 2.4531,
17.86, -7.32, 14.63, 1.38, 1.32, -0.35, -29.88, 40.81, -0.19, 2.4531,
17.86, -7.32, 14.63, 1.38, 1.32, -0.35, -29.88, 40.81, -0.19, 2.4531,
40.22, -18.39, 29.15, -9.81, -10.12, 13.94, -26.00, 42.75, -7.19, 2.5469,
14.25, 27.27, 33.79, -9.81, -10.12, 13.94, -26.00, 42.75, -7.19, 2.5469,
14.25, 27.27, 33.79, -9.81, -10.12, 13.94, -26.00, 42.75, -7.19, 2.5469,
14.25, 27.27, 33.79, -9.81, -10.12, 13.94, -26.00, 42.75, -7.19, 2.5469,
14.25, 27.27, 33.79, -9.81, -10.12, 13.94, -26.00, 42.75, -7.19, 2.5625,
14.25, 27.27, 33.79, -9.81, -10.12, 13.94, -26.00, 42.75, -7.19, 2.5625,
14.25, 27.27, 33.79, -9.81, -10.12, 13.94, 3.75, 50.69, 23.81, 2.5625,
8.62, 35.47, 17.62, -5.03, -3.33, 11.97, 31.50, 33.56, 28.00, 2.6406,
8.62, 35.47, 17.62, -5.03, -3.33, 11.97, 31.50, 33.56, 28.00, 2.6563,
8.62, 35.47, 17.62, -5.03, -3.33, 11.97, 31.50, 33.56, 28.00, 2.6563,
8.62, 35.47, 17.62, -5.03, -3.33, 11.97, 31.50, 33.56, 28.00, 2.6563,
8.62, 35.47, 17.62, -5.03, -3.33, 11.97, 31.50, 33.56, 28.00, 2.6563,
8.62, 35.47, 17.62, -5.03, -3.33, 11.97, 36.81, 22.75, 32.56, 2.6563,
8.62, 35.47, 17.62, -5.03, -3.33, 11.97, 36.81, 22.75, 32.56, 2.6719,
8.62, 35.47, 17.62, -5.03, -3.33, 11.97, 36.81, 22.75, 32.56, 2.6719,
10.42, 7.09, -11.07, -1.26, 0.93, 0.11, 34.38, 17.56, 33.31, 2.7500,
10.42, 7.09, -11.07, -1.26, 0.93, 0.11, 34.38, 17.56, 33.31, 2.7500,
10.42, 7.09, -11.07, -1.26, 0.93, 0.11, 34.38, 17.56, 33.31, 2.7656,
10.42, 7.09, -11.07, -1.26, 0.93, 0.11, 34.38, 17.56, 33.31, 2.7656,
-4.33, 3.14, -2.57, -1.26, 0.93, 0.11, 34.63, 17.25, 35.75, 2.7656,
-4.33, 3.14, -2.57, -1.26, 0.93, 0.11, 34.63, 17.25, 35.75, 2.7813,
-4.33, 3.14, -2.57, -1.26, 0.93, 0.11, 34.63, 17.25, 35.75, 2.7813,
2.91, 3.22, -4.21, 2.07, 2.11, -3.04, 28.88, 28.88, 37.81, 2.8594,
2.91, 3.22, -4.21, 2.07, 2.11, -3.04, 28.88, 28.88, 37.81, 2.8594,
2.91, 3.22, -4.21, 2.07, 2.11, -3.04, 28.88, 28.88, 37.81, 2.8750,
2.91, 3.22, -4.21, 2.07, 2.11, -3.04, 28.88, 28.88, 37.81, 2.8750,
-4.98, 9.58, 3.48, 2.07, 2.11, -3.04, 28.88, 28.88, 37.81, 2.8750,
-4.98, 9.58, 3.48, 2.07, 2.11, -3.04, 28.88, 28.88, 37.81, 2.8750,
-4.98, 9.58, 3.48, 2.07, 2.11, -3.04, 28.88, 28.88, 37.81, 2.8750,
-4.98, 9.58, 3.48, 2.07, 2.11, -3.04, 28.88, 28.88, 37.81, 2.8906,
-2.14, 15.02, 4.64, 5.12, 0.89, -7.04, 14.63, 45.00, 30.75, 2.9688,
-2.14, 15.02, 4.64, 5.12, 0.89, -7.04, 14.63, 45.00, 30.75, 2.9688,
-2.14, 15.02, 4.64, 5.12, 0.89, -7.04, 14.63, 45.00, 30.75, 2.9688,
-2.14, 15.02, 4.64, 5.12, 0.89, -7.04, 14.63, 45.00, 30.75, 2.9688,
-2.14, 15.02, 4.64, 5.12, 0.89, -7.04, 14.63, 45.00, 30.75, 2.9688,
-2.14, 15.02, 4.64, 5.12, 0.89, -7.04, 14.63, 45.00, 30.75, 2.9844,
-2.14, 15.02, 4.64, 5.12, 0.89, -7.04, 14.63, 45.00, 30.75, 2.9844,
12.57, -13.37, -3.52, 1.15, -2.13, -5.47, -22.81, 32.56, 19.81, 3.0625,
12.57, -13.37, -3.52, 1.15, -2.13, -5.47, -22.81, 32.56, 19.81, 3.0781,
12.57, -13.37, -3.52, 1.15, -2.13, -5.47, -22.81, 32.56, 19.81, 3.0781,
12.57, -13.37, -3.52, 1.15, -2.13, -5.47, -22.81, 32.56, 19.81, 3.0781,
13.06, -25.55, -12.83, 1.15, -2.13, -5.47, -22.81, 32.56, 19.81, 3.0938,
13.06, -25.55, -12.83, 1.15, -2.13, -5.47, -22.81, 32.56, 19.81, 3.0938,
13.06, -25.55, -12.83, -6.38, -4.19, 3.34, -22.81, 32.56, 19.81, 3.0938,
2.30, -10.15, -22.45, -4.33, -7.31, 3.62, 0.31, 17.69, 40.63, 3.3281,
-2.61, 10.27, 0.50, -4.33, -7.31, 3.62, 0.31, 17.69, 40.63, 3.3281,
-2.61, 10.27, 0.50, -4.93, -1.59, 5.91, 0.31, 17.69, 40.63, 3.3438,
-2.61, 10.27, 0.50, -4.93, -1.59, 5.91, 0.31, 17.69, 40.63, 3.3438,
-2.61, 10.27, 0.50, -4.93, -1.59, 5.91, 0.31, 17.69, 40.63, 3.3438,
-2.61, 10.27, 0.50, -4.93, -1.59, 5.91, 0.31, 17.69, 40.63, 3.3438,
-2.61, 10.27, 0.50, -4.93, -1.59, 5.91, 0.31, 17.69, 40.63, 3.3594,
-2.61, 10.27, 0.50, -4.93, -1.59, 5.91, 0.31, 17.69, 40.63, 3.3594,
-12.87, 13.95, -0.08, -4.93, -1.59, 5.91, 19.13, -30.38, 23.50, 3.3594,
-12.87, 13.95, -0.08, -4.93, -1.59, 5.91, 19.13, -30.38, 23.50, 3.3750,
-12.87, 13.95, -0.08, -4.93, -1.59, 5.91, 19.13, -30.38, 23.50, 3.3750,
-12.87, 13.95, -0.08, -4.93, -1.59, 5.91, 19.13, -30.38, 23.50, 3.3750,
-12.87, 13.95, -0.08, -4.93, -1.59, 5.91, 19.13, -30.38, 23.50, 3.3750,
-12.87, 13.95, -0.08, -4.93, -1.59, 5.91, 19.13, -30.38, 23.50, 3.3750,
-12.87, 13.95, -0.08, -4.93, -1.59, 5.91, 19.13, -30.38, 23.50, 3.3906,
-4.48, 11.96, -6.09, -3.06, -1.61, 4.02, 18.63, -36.75, 13.37, 3.4688,
-4.48, 11.96, -6.09, -3.06, -1.61, 4.02, 18.63, -36.75, 13.37, 3.4688,
-4.48, 11.96, -6.09, -3.06, -1.61, 4.02, 18.63, -36.75, 13.37, 3.4844,
-4.48, 11.96, -6.09, -3.06, -1.61, 4.02, 18.63, -36.75, 13.37, 3.4844,
-4.48, 11.96, -6.09, -3.06, -1.61, 4.02, 18.63, -36.75, 13.37, 3.4844,
-4.48, 11.96, -6.09, -3.06, -1.61, 4.02, 18.63, -36.75, 13.37, 3.4844,
-6.89, 20.27, 0.54, -1.53, -2.20, 2.09, 18.63, -36.75, 13.37, 3.5000,
-7.70, 19.35, 3.52, -1.30, -1.71, 1.28, 2.94, -50.00, -1.38, 3.5781,
-4.37, 14.82, -0.38, -1.30, -1.71, 1.28, 2.94, -50.00, -1.38, 3.5938,
-4.37, 14.82, -0.38, -0.76, -0.75, 0.40, 2.94, -50.00, -1.38, 3.5938,
-4.37, 14.82, -0.38, -0.76, -0.75, 0.40, 2.94, -50.00, -1.38, 3.5938,
-4.37, 14.82, -0.38, -0.76, -0.75, 0.40, 2.94, -50.00, -1.38, 3.5938,
-4.37, 14.82, -0.38, -0.76, -0.75, 0.40, 2.94, -50.00, -1.38, 3.6094,
-4.37, 14.82, -0.38, -0.76, -0.75, 0.40, 2.94, -50.00, -1.38, 3.6094,
-3.37, 12.14, -0.84, -0.04, -0.02, 0.42, 1.88, -48.75, -6.25, 3.6875,
-3.37, 12.14, -0.84, -0.04, -0.02, 0.42, 1.88, -48.75, -6.25, 3.7031,
-3.37, 12.14, -0.84, -0.04, -0.02, 0.42, 1.88, -48.75, -6.25, 3.7031,
-3.37, 12.14, -0.84, -0.04, -0.02, 0.42, 1.88, -48.75, -6.25, 3.7031,
-3.37, 12.14, -0.84, -0.04, -0.02, 0.42, 1.88, -48.75, -6.25, 3.7031,
-3.37, 12.14, -0.84, -0.04, -0.02, 0.42, 1.88, -48.75, -6.25, 3.7031,
-0.61, 8.96, 1.46, -0.04, -0.02, 0.42, 1.44, -48.19, -5.13, 3.7188,
-0.61, 8.96, 1.46, -0.04, -0.02, 0.42, 1.44, -48.19, -5.13, 3.7188,
0.00, 8.84, 2.41, 0.01, 0.23, 0.30, 1.31, -48.44, -7.69, 3.8125,
0.00, 8.84, 2.41, 0.01, 0.23, 0.30, 1.31, -48.44, -7.69, 3.8125,
0.00, 8.84, 2.41, 0.01, 0.23, 0.30, -0.69, -49.38, -3.69, 3.8125,
0.00, 8.84, 2.41, 0.01, 0.23, 0.30, -0.69, -49.38, -3.69, 3.8125,
0.00, 8.84, 2.41, 0.01, 0.23, 0.30, -0.69, -49.38, -3.69, 3.8281,
0.00, 8.84, 2.41, 0.01, 0.23, 0.30, -0.69, -49.38, -3.69, 3.8281,
0.00, 8.84, 2.41, 0.01, 0.23, 0.30, -0.69, -49.38, -3.69, 3.8281,
0.00, 8.84, 2.41, 0.01, 0.23, 0.30, -0.69, -49.38, -3.69, 3.8281,
1.68, 8.08, 4.37, -0.06, 0.01, 0.04, -1.69, -50.69, -7.25, 3.9219,
1.68, 8.08, 4.37, -0.06, 0.01, 0.04, -1.69, -50.69, -7.25, 3.9219,
1.68, 8.08, 4.37, -0.06, 0.01, 0.04, -1.69, -50.69, -7.25, 3.9219,
1.68, 8.08, 4.37, -0.06, 0.01, 0.04, -1.69, -50.69, -7.25, 3.9219,
1.68, 8.08, 4.37, -0.06, 0.01, 0.04, -1.69, -50.69, -7.25, 3.9219,
-0.08, 8.58, 3.87, -0.06, 0.01, 0.04, -1.69, -50.69, -7.25, 3.9375,
-0.08, 8.58, 3.87, -0.06, 0.01, 0.04, -1.69, -50.69, -7.25, 3.9375,
2.22, 9.23, 6.13, -0.88, 0.32, 0.89, -0.81, -48.75, -8.63, 4.0313,
-1.61, 9.42, 3.03, -0.88, 0.32, 0.89, -0.81, -48.75, -8.63, 4.0313,
-1.61, 9.42, 3.03, -0.88, 0.32, 0.89, -0.81, -48.75, -8.63, 4.0313,
-1.61, 9.42, 3.03, -0.88, 0.32, 0.89, -0.81, -48.75, -8.63, 4.0313,
-1.61, 9.42, 3.03, -0.88, 0.32, 0.89, -0.81, -48.75, -8.63, 4.0313,
-1.61, 9.42, 3.03, -0.32, -0.12, 0.05, -0.81, -48.75, -8.63, 4.0469,
-1.61, 9.42, 3.03, -0.32, -0.12, 0.05, -0.81, -48.75, -8.63, 4.0469,
-1.61, 9.42, 3.03, -0.32, -0.12, 0.05, -0.81, -48.75, -8.63, 4.0469,
0.11, 8.28, 3.98, -0.29, -0.40, 0.03, -3.69, -50.06, -12.12, 4.2188,
0.11, 8.28, 3.98, -0.29, -0.40, 0.03, -3.69, -50.06, -12.12, 4.2188,
0.11, 8.28, 3.98, -0.29, -0.40, 0.03, -3.69, -50.06, -12.12, 4.2188,
0.11, 8.28, 3.98, -0.29, -0.40, 0.03, -3.69, -50.06, -12.12, 4.2344,
0.11, 8.28, 3.98, -0.29, -0.40, 0.03, -3.69, -50.06, -12.12, 4.2344,
0.11, 8.28, 3.98, -0.29, -0.40, 0.03, -3.69, -50.06, -12.12, 4.2344,
0.11, 8.28, 3.98, -0.29, -0.40, 0.03, -3.69, -50.06, -12.12, 4.2344,
0.54, 8.23, 4.60, -0.17, 0.02, 0.02, -3.81, -49.25, -13.31, 4.3281,
0.54, 8.23, 4.60, -0.17, 0.02, 0.02, -3.81, -49.25, -13.31, 4.3281,
0.54, 8.23, 4.60, -0.17, 0.02, 0.02, -3.81, -49.25, -13.31, 4.3281,
0.54, 8.23, 4.60, -0.17, 0.02, 0.02, -3.81, -49.25, -13.31, 4.3281,
0.54, 8.23, 4.60, -0.17, 0.02, 0.02, -3.81, -49.25, -13.31, 4.3281,
0.54, 8.23, 4.60, -0.17, 0.02, 0.02, -3.81, -49.25, -13.31, 4.3281,
0.54, 8.16, 4.86, -0.11, -0.19, -0.12, -3.81, -49.25, -13.31, 4.3438,
0.54, 8.16, 4.86, -0.11, -0.19, -0.12, -3.81, -49.25, -13.31, 4.3438,
0.50, 8.42, 5.02, -0.15, 0.12, 0.16, -3.19, -46.94, -15.00, 4.4375,
0.50, 8.42, 5.02, -0.15, 0.12, 0.16, -3.19, -46.94, -15.00, 4.4375,
0.50, 8.42, 5.02, -0.04, -0.04, 0.09, -3.19, -46.94, -15.00, 4.4531,
0.50, 8.42, 5.02, -0.04, -0.04, 0.09, -3.19, -46.94, -15.00, 4.4531,
0.50, 8.42, 5.02, -0.04, -0.04, 0.09, -3.19, -46.94, -15.00, 4.4531,
0.50, 8.42, 5.02, -0.04, -0.04, 0.09, -3.19, -46.94, -15.00, 4.4531,
0.50, 8.42, 5.02, -0.04, -0.04, 0.09, -3.19, -46.94, -15.00, 4.4531,
0.73, 8.24, 5.02, 0.14, 0.02, 0.02, -5.31, -47.69, -14.00, 4.5469,
0.73, 8.24, 5.02, 0.14, 0.02, 0.02, -5.31, -47.69, -14.00, 4.5469,
0.73, 8.24, 5.02, 0.14, 0.02, 0.02, -5.31, -47.69, -14.00, 4.5469,
0.73, 8.24, 5.02, 0.14, 0.02, 0.02, -5.31, -47.69, -14.00, 4.5469,
0.73, 8.24, 5.02, 0.14, 0.02, 0.02, -5.31, -47.69, -14.00, 4.5469,
0.80, 7.70, 4.41, 0.14, 0.02, 0.02, -4.00, -47.94, -12.56, 4.5625,
0.80, 7.70, 4.41, 0.14, 0.02, 0.02, -4.00, -47.94, -12.56, 4.5625,
0.80, 7.70, 4.41, 0.14, 0.02, 0.02, -4.00, -47.94, -12.56, 4.5625,
1.30, 8.58, 6.02, 0.13, -0.30, -0.11, -3.69, -48.06, -15.69, 4.6563,
1.30, 8.58, 6.02, 0.13, -0.30, -0.11, -5.44, -47.81, -12.81, 4.6563,
1.30, 8.58, 6.02, 0.13, -0.30, -0.11, -5.44, -47.81, -12.81, 4.6719,
1.30, 8.58, 6.02, 0.13, -0.30, -0.11, -5.44, -47.81, -12.81, 4.6719,
1.30, 8.58, 6.02, 0.13, -0.30, -0.11, -5.44, -47.81, -12.81, 4.6719,
1.30, 8.58, 6.02, 0.13, -0.30, -0.11, -5.44, -47.81, -12.81, 4.6719,
1.30, 8.58, 6.02, 0.13, -0.30, -0.11, -5.44, -47.81, -12.81, 4.6875,
1.42, 8.32, 4.98, -0.28, 0.43, -0.34, -4.94, -48.31, -14.75, 4.7656,
1.42, 8.32, 4.98, -0.28, 0.43, -0.34, -4.94, -48.31, -14.75, 4.7813,
1.42, 8.32, 4.98, -0.28, 0.43, -0.34, -4.94, -48.31, -14.75, 4.7813,
1.15, 7.63, 3.95, -0.28, 0.43, -0.34, -4.94, -48.31, -14.75, 4.7813,
1.15, 7.63, 3.95, -0.28, 0.43, -0.34, -4.94, -48.31, -14.75, 4.7813,
1.15, 7.63, 3.95, -0.28, 0.43, -0.34, -4.94, -48.31, -14.75, 4.7813,
1.15, 7.63, 3.95, 0.16, 0.12, -0.18, -4.94, -48.31, -14.75, 4.7969,
1.15, 7.63, 3.95, 0.16, 0.12, -0.18, -4.94, -48.31, -14.75, 4.7969,
2.41, 7.63, 4.41, 0.00, -0.17, 0.06, -2.25, -46.88, -13.56, 4.9531,
2.41, 7.63, 4.41, 0.00, -0.17, 0.06, -2.25, -46.88, -13.56, 4.9531,
2.41, 7.63, 4.41, 0.00, -0.17, 0.06, -4.19, -46.94, -12.25, 4.9688,
0.54, 7.93, 4.83, 0.00, -0.17, 0.06, -4.19, -46.94, -12.25, 4.9688,
0.54, 7.93, 4.83, 0.00, -0.17, 0.06, -4.19, -46.94, -12.25, 4.9688,
0.54, 7.93, 4.83, 0.00, -0.17, 0.06, -4.19, -46.94, -12.25, 4.9688,
0.54, 7.93, 4.83, 0.00, -0.17, 0.06, -4.19, -46.94, -12.25, 4.9844,
0.54, 7.93, 4.83, 0.00, -0.17, 0.06, -4.19, -46.94, -12.25, 4.9844,
0.54, 7.93, 4.83, 0.00, -0.17, 0.06, -4.19, -46.94, -12.25, 4.9844,
0.54, 7.93, 4.83, 0.00, -0.17, 0.06, -4.19, -46.94, -12.25, 4.9844,
0.54, 7.93, 4.83, -0.12, 0.12, -0.13, -4.19, -46.94, -12.25, 5.0000,
0.54, 7.93, 4.83, -0.12, 0.12, -0.13, -4.19, -46.94, -12.25, 5.0000,
1.23, 8.36, 3.56, -0.12, 0.12, -0.13, -4.19, -46.94, -12.25, 5.0000,
1.23, 8.36, 3.56, -0.12, 0.12, -0.13, -4.19, -46.94, -12.25, 5.0000,
1.23, 8.36, 3.56, -0.12, 0.12, -0.13, -4.19, -46.94, -12.25, 5.0000,
0.92, 8.01, 5.52, -0.18, 0.00, -0.03, -3.06, -47.69, -13.81, 5.1719,
0.92, 8.01, 5.52, -0.18, 0.00, -0.03, -3.06, -47.69, -13.81, 5.1719,
0.92, 8.01, 5.52, -0.18, 0.00, -0.03, -3.06, -47.69, -13.81, 5.1875,
0.92, 8.01, 5.52, -0.18, 0.00, -0.03, -3.06, -47.69, -13.81, 5.1875,
0.65, 7.23, 6.09, -0.01, -0.22, 0.06, -3.06, -47.69, -13.81, 5.1875,
0.65, 7.23, 6.09, -0.01, -0.22, 0.06, -3.06, -47.69, -13.81, 5.1875,
0.65, 7.23, 6.09, -0.01, -0.22, 0.06, -3.06, -47.69, -13.81, 5.2031,
0.23, 7.47, 5.71, -0.15, 0.15, 0.07, -2.38, -45.31, -16.69, 5.2813,
0.23, 7.47, 5.71, -0.15, 0.15, 0.07, -2.38, -45.31, -16.69, 5.2969,
0.23, 7.47, 5.71, -0.06, -0.05, -0.06, -2.38, -45.31, -16.69, 5.2969,
0.23, 7.47, 5.71, -0.06, -0.05, -0.06, -2.38, -45.31, -16.69, 5.2969,
0.23, 7.47, 5.71, -0.06, -0.05, -0.06, -2.38, -45.31, -16.69, 5.2969,
0.23, 7.47, 5.71, -0.06, -0.05, -0.06, -2.38, -45.31, -16.69, 5.2969,
0.23, 7.47, 5.71, -0.06, -0.05, -0.06, -2.38, -45.31, -16.69, 5.3125,
0.69, 7.43, 5.63, -0.07, -0.03, 0.01, -2.25, -46.00, -16.31, 5.3906,
0.69, 7.43, 5.63, -0.07, -0.03, 0.01, -2.25, -46.00, -16.31, 5.4063,
0.69, 7.43, 5.63, -0.07, -0.03, 0.01, -2.25, -46.00, -16.31, 5.4063,
0.15, 7.63, 5.52, -0.07, -0.03, 0.01, -2.00, -45.81, -14.06, 5.4063,
0.15, 7.63, 5.52, -0.07, -0.03, 0.01, -2.00, -45.81, -14.06, 5.4063,
0.15, 7.63, 5.52, -0.07, -0.03, 0.01, -2.00, -45.81, -14.06, 5.4219,
0.15, 7.63, 5.52, -0.07, -0.03, 0.01, -2.00, -45.81, -14.06, 5.4219,
0.15, 7.63, 5.52, -0.07, -0.03, 0.01, -2.00, -45.81, -14.06, 5.4219,
0.96, 7.59, 5.32, -0.07, 0.11, 0.13, -1.63, -45.50, -17.50, 5.5000,
0.96, 7.59, 5.32, -0.07, 0.11, 0.13, -1.94, -45.06, -13.69, 5.5156,
0.96, 7.59, 5.32, -0.07, 0.11, 0.13, -1.94, -45.06, -13.69, 5.5156,
0.96, 7.59, 5.32, -0.07, 0.11, 0.13, -1.94, -45.06, -13.69, 5.5156,
0.96, 7.59, 5.32, -0.07, 0.11, 0.13, -1.94, -45.06, -13.69, 5.5156,
0.96, 7.59, 5.32, -0.07, 0.11, 0.13, -1.94, -45.06, -13.69, 5.5156,
0.96, 7.59, 5.32, -0.07, 0.11, 0.13, -1.94, -45.06, -13.69, 5.5313,
1.04, 7.70, 5.09, -0.13, 0.14, 0.02, -2.13, -46.44, -14.38, 5.6094,
1.04, 7.70, 5.09, -0.13, 0.14, 0.02, -2.13, -46.44, -14.38, 5.6250,
1.04, 7.70, 5.09, -0.13, 0.14, 0.02, -2.13, -46.44, -14.38, 5.6250,
1.04, 7.70, 5.09, -0.13, 0.14, 0.02, -2.13, -46.44, -14.38, 5.6250,
0.57, 7.51, 5.55, -0.13, 0.14, 0.02, -2.13, -46.44, -14.38, 5.6250,
0.57, 7.51, 5.55, -0.13, 0.14, 0.02, -2.13, -46.44, -14.38, 5.6250,
0.57, 7.51, 5.55, -0.13, 0.14, 0.02, -2.13, -46.44, -14.38, 5.6406,
0.57, 7.51, 5.55, -0.17, 0.43, 0.05, -2.13, -46.44, -14.38, 5.6406,
0.42, 7.43, 6.13, -0.17, 0.29, 0.08, -1.31, -45.81, -17.56, 5.7188,
0.42, 7.43, 6.13, -0.17, 0.29, 0.08, -1.31, -45.81, -17.56, 5.7344,
0.42, 7.43, 6.13, -0.17, 0.29, 0.08, -1.31, -45.81, -17.56, 5.7344,
0.42, 7.43, 6.13, -0.17, 0.29, 0.08, -1.31, -45.81, -17.56, 5.7344,
0.42, 7.43, 6.13, -0.06, -0.11, 0.12, -1.31, -45.81, -17.56, 5.7344,
0.42, 7.43, 6.13, -0.06, -0.11, 0.12, -1.31, -45.81, -17.56, 5.7500,
0.42, 7.43, 6.13, -0.06, -0.11, 0.12, -1.31, -45.81, -17.56, 5.7500,
0.73, 7.59, 5.32, -0.03, 0.02, -0.02, -1.56, -44.50, -16.44, 5.8281,
0.73, 7.59, 5.32, -0.03, 0.02, -0.02, -1.56, -44.50, -16.44, 5.8438,
0.73, 7.59, 5.32, 0.01, 0.32, 0.04, -1.56, -44.50, -16.44, 5.8438,
0.34, 7.47, 5.71, 0.01, 0.32, 0.04, -1.56, -44.50, -16.44, 5.8438,
0.34, 7.47, 5.71, 0.01, 0.32, 0.04, -1.56, -44.50, -16.44, 5.8594,
0.34, 7.47, 5.71, 0.01, 0.32, 0.04, -1.56, -44.50, -16.44, 5.8594,
0.34, 7.47, 5.71, 0.01, 0.32, 0.04, -1.56, -44.50, -16.44, 5.8594,
0.34, 7.47, 5.71, 0.01, 0.32, 0.04, -1.38, -44.88, -15.31, 5.8594,
0.73, 7.47, 5.59, 0.04, -0.11, -0.04, -2.25, -46.06, -15.88, 5.9531,
0.73, 7.47, 5.59, 0.04, -0.11, -0.04, -2.25, -46.06, -15.88, 5.9531,
0.73, 7.47, 5.59, 0.04, -0.11, -0.04, -2.25, -46.06, -15.88, 5.9531,
0.73, 7.47, 5.59, 0.04, -0.11, -0.04, -0.63, -44.75, -15.00, 5.9688,
0.73, 7.47, 5.59, 0.04, -0.11, -0.04, -0.63, -44.75, -15.00, 5.9688,
0.73, 7.47, 5.59, 0.04, -0.11, -0.04, -0.63, -44.75, -15.00, 5.9688,
0.11, 7.27, 6.09, 0.04, -0.11, -0.04, -0.63, -44.75, -15.00, 5.9688,
0.27, 7.35, 6.24, 0.15, -0.84, -0.19, -1.25, -44.81, -16.06, 6.1406,
0.27, 7.35, 6.24, 0.15, -0.84, -0.19, -1.25, -44.81, -16.06, 6.1406,
0.27, 7.35, 6.24, 0.15, -0.84, -0.19, -1.25, -44.81, -16.06, 6.1563,
0.27, 7.35, 6.24, 0.15, -0.84, -0.19, -1.25, -44.81, -16.06, 6.1563,
0.27, 7.35, 6.24, 0.15, -0.84, -0.19, -1.25, -44.81, -16.06, 6.1563,
0.69, 7.93, 5.55, 0.15, -0.84, -0.19, -1.56, -44.19, -15.69, 6.1719,
0.69, 7.93, 5.55, 0.15, -0.84, -0.19, -1.56, -44.19, -15.69, 6.1719,
0.69, 7.93, 5.55, 0.15, -0.84, -0.19, -1.56, -44.19, -15.69, 6.1719,
0.46, 7.24, 6.02, -0.10, -0.08, 0.00, -0.31, -44.56, -17.63, 6.2500,
0.46, 7.24, 6.02, -0.10, -0.08, 0.00, -1.63, -44.50, -16.06, 6.2656,
0.46, 7.24, 6.02, -0.10, -0.08, 0.00, -1.63, -44.50, -16.06, 6.2656,
0.46, 7.24, 6.02, -0.10, -0.08, 0.00, -1.63, -44.50, -16.06, 6.2656,
0.46, 7.24, 6.02, -0.10, -0.08, 0.00, -1.63, -44.50, -16.06, 6.2813,
0.46, 7.24, 6.02, -0.10, -0.08, 0.00, -1.63, -44.50, -16.06, 6.2813,
0.46, 7.24, 6.02, -0.10, -0.08, 0.00, -1.63, -44.50, -16.06, 6.2813,
0.65, 7.27, 5.63, 0.09, -0.49, 0.03, -1.63, -45.19, -16.75, 6.3594,
0.65, 7.27, 5.63, 0.09, -0.49, 0.03, -1.63, -45.19, -16.75, 6.3594,
0.65, 7.27, 5.63, 0.09, -0.49, 0.03, -1.63, -45.19, -16.75, 6.3750,
0.65, 7.27, 5.63, 0.09, -0.49, 0.03, -1.63, -45.19, -16.75, 6.3750,
0.65, 7.27, 5.63, 0.09, -0.49, 0.03, -1.63, -45.19, -16.75, 6.3750,
0.65, 7.27, 5.63, 0.09, -0.49, 0.03, -1.63, -45.19, -16.75, 6.3750,
0.65, 7.01, 5.79, 0.09, -0.49, 0.03, -1.63, -45.19, -16.75, 6.3750,
0.65, 7.01, 5.79, 0.14, -0.02, -0.18, -1.63, -45.19, -16.75, 6.3906,
1.04, 7.23, 5.79, 0.27, 0.02, -0.13, -1.38, -44.38, -18.00, 6.5469,
1.04, 7.23, 5.79, 0.27, 0.02, -0.13, -1.38, -44.38, -18.00, 6.5469,
1.04, 7.23, 5.79, 0.27, 0.02, -0.13, -1.38, -44.38, -18.00, 6.5625,
1.04, 7.23, 5.79, 0.27, 0.02, -0.13, -1.13, -44.69, -17.56, 6.5625,
1.04, 7.23, 5.79, 0.27, 0.02, -0.13, -1.13, -44.69, -17.56, 6.5625,
1.04, 7.23, 5.79, 0.27, 0.02, -0.13, -1.13, -44.69, -17.56, 6.5625,
1.04, 7.23, 5.79, 0.27, 0.02, -0.13, -1.13, -44.69, -17.56, 6.5781,
0.61, 7.74, 5.44, 0.24, -0.06, -0.17, -1.31, -44.50, -15.31, 6.6719,
0.54, 7.51, 5.63, 0.24, -0.06, -0.17, -1.31, -44.50, -15.31, 6.6719,
0.54, 7.51, 5.63, 0.24, -0.06, -0.17, -1.31, -44.50, -15.31, 6.6719,
0.54, 7.51, 5.63, 0.24, -0.06, -0.17, -1.31, -44.50, -15.31, 6.6719,
0.54, 7.51, 5.63, 0.24, -0.06, -0.17, -1.31, -44.50, -15.31, 6.6719,
0.54, 7.51, 5.63, 0.24, -0.06, -0.17, -1.31, -44.50, -15.31, 6.6875,
0.54, 7.51, 5.63, 0.24, -0.06, -0.17, -1.31, -44.50, -15.31, 6.6875,
0.54, 7.51, 5.63, 0.24, -0.06, -0.17, -1.31, -44.50, -15.31, 6.6875,
0.27, 7.63, 5.52, 0.15, -0.27, -0.22, -0.25, -45.94, -17.19, 6.7813,
0.27, 7.63, 5.52, 0.15, -0.27, -0.22, -0.25, -45.94, -17.19, 6.7813,
0.27, 7.63, 5.52, 0.15, -0.27, -0.22, -0.25, -45.94, -17.19, 6.7813,
0.27, 7.63, 5.52, 0.15, -0.27, -0.22, -0.25, -45.94, -17.19, 6.7813,
0.27, 7.63, 5.52, 0.15, -0.27, -0.22, -0.25, -45.94, -17.19, 6.7969,
0.65, 7.66, 5.32, 0.09, -0.01, -0.13, -0.25, -45.94, -17.19, 6.7969,
0.65, 7.66, 5.32, 0.09, -0.01, -0.13, -0.25, -45.94, -17.19, 6.7969,
0.46, 7.89, 4.83, -0.36, 0.36, -0.09, 0.50, -46.13, -17.63, 6.8750,
0.46, 7.89, 4.83, -0.36, 0.36, -0.09, 0.50, -46.13, -17.63, 6.8906,
0.34, 7.35, 6.05, -0.77, -0.34, 0.04, 0.50, -46.13, -17.63, 6.8906,
0.34, 7.35, 6.05, -0.77, -0.34, 0.04, 0.50, -46.13, -17.63, 6.8906,
0.34, 7.35, 6.05, -0.77, -0.34, 0.04, 0.50, -46.13, -17.63, 6.8906,
0.34, 7.35, 6.05, -0.77, -0.34, 0.04, 0.50, -46.13, -17.63, 6.9063,
0.34, 7.35, 6.05, -0.77, -0.34, 0.04, 0.50, -46.13, -17.63, 6.9063,
0.34, 7.35, 6.05, -0.77, -0.34, 0.04, 0.50, -46.13, -17.63, 6.9063,
0.50, 7.05, 4.75, -0.14, -0.22, -0.11, 0.63, -43.94, -18.94, 7.0000,
0.50, 7.05, 4.75, -0.14, -0.22, -0.11, 0.63, -43.94, -18.94, 7.0000,
0.50, 7.05, 4.75, -0.14, -0.22, -0.11, 0.63, -43.94, -18.94, 7.0000,
0.50, 7.05, 4.75, -0.14, -0.22, -0.11, 0.63, -43.94, -18.94, 7.0000,
0.50, 7.05, 4.75, -0.14, -0.22, -0.11, 0.63, -43.94, -18.94, 7.0000,
0.50, 7.05, 4.75, -0.14, -0.22, -0.11, 0.63, -43.94, -18.94, 7.0000,
0.46, 7.39, 5.86, -0.14, -0.22, -0.11, 0.13, -43.81, -17.00, 7.0156,
0.00, 7.66, 5.32, -0.06, 0.17, 0.08, 1.56, -43.06, -19.06, 7.1719,
0.00, 7.66, 5.32, -0.06, 0.17, 0.08, 1.56, -43.06, -19.06, 7.1875,
0.00, 7.66, 5.32, -0.06, 0.17, 0.08, 1.56, -43.06, -19.06, 7.1875,
0.00, 7.66, 5.32, -0.06, 0.17, 0.08, 1.56, -43.06, -19.06, 7.1875,
0.00, 7.66, 5.32, -0.18, 0.50, -0.13, 1.56, -43.06, -19.06, 7.1875,
0.00, 7.66, 5.32, -0.18, 0.50, -0.13, 1.56, -43.06, -19.06, 7.2031,
0.61, 7.93, 5.67, -0.18, 0.50, -0.13, 1.56, -43.06, -19.06, 7.2031,
0.61, 7.93, 5.67, -0.18, 0.50, -0.13, 1.56, -43.06, -19.06, 7.2031,
